sensor_id;sensor_type;location;lat;lon;timestamp;temperature;humidity
34508;DHT22;20749;55.626;37.664;2019-12-09T00:00:33;4.20;51.80
34508;DHT22;20749;55.626;37.664;2019-12-09T00:02:45;4.20;51.90
34508;DHT22;20749;55.626;37.664;2019-12-09T00:04:46;4.20;52.00
34508;DHT22;20749;55.626;37.664;2019-12-09T00:06:48;4.20;52.00
34508;DHT22;20749;55.626;37.664;2019-12-09T00:08:49;4.20;52.10
34508;DHT22;20749;55.626;37.664;2019-12-09T00:10:50;4.10;52.20
34508;DHT22;20749;55.626;37.664;2019-12-09T00:12:52;4.20;52.30
34508;DHT22;20749;55.626;37.664;2019-12-09T00:14:53;4.20;52.30
34508;DHT22;20749;55.626;37.664;2019-12-09T00:16:54;4.20;52.40
34508;DHT22;20749;55.626;37.664;2019-12-09T00:18:56;4.20;52.60
34508;DHT22;20749;55.626;37.664;2019-12-09T00:20:57;4.10;52.50
34508;DHT22;20749;55.626;37.664;2019-12-09T00:22:58;4.10;52.50
34508;DHT22;20749;55.626;37.664;2019-12-09T00:25:00;4.20;52.60
34508;DHT22;20749;55.626;37.664;2019-12-09T00:27:01;4.20;52.70
34508;DHT22;20749;55.626;37.664;2019-12-09T00:29:02;4.10;52.70
34508;DHT22;20749;55.626;37.664;2019-12-09T00:31:04;4.10;52.80
34508;DHT22;20749;55.626;37.664;2019-12-09T00:33:05;4.10;52.80
34508;DHT22;20749;55.626;37.664;2019-12-09T00:35:07;4.10;52.90
34508;DHT22;20749;55.626;37.664;2019-12-09T00:37:08;4.10;53.00
34508;DHT22;20749;55.626;37.664;2019-12-09T00:39:09;4.10;53.00
34508;DHT22;20749;55.626;37.664;2019-12-09T00:41:11;4.10;53.10
34508;DHT22;20749;55.626;37.664;2019-12-09T00:43:12;4.10;53.20
34508;DHT22;20749;55.626;37.664;2019-12-09T00:45:13;4.00;53.20
34508;DHT22;20749;55.626;37.664;2019-12-09T00:47:15;4.10;53.40
34508;DHT22;20749;55.626;37.664;2019-12-09T00:49:16;4.00;53.40
34508;DHT22;20749;55.626;37.664;2019-12-09T00:51:17;4.00;53.50
34508;DHT22;20749;55.626;37.664;2019-12-09T00:53:19;4.00;53.60
34508;DHT22;20749;55.626;37.664;2019-12-09T00:55:20;4.00;53.60
34508;DHT22;20749;55.626;37.664;2019-12-09T00:57:21;4.00;53.70
34508;DHT22;20749;55.626;37.664;2019-12-09T00:59:23;4.00;53.80
34508;DHT22;20749;55.626;37.664;2019-12-09T01:01:24;4.00;53.90
34508;DHT22;20749;55.626;37.664;2019-12-09T01:05:17;4.10;54.00
34508;DHT22;20749;55.626;37.664;2019-12-09T01:07:26;4.00;53.90
34508;DHT22;20749;55.626;37.664;2019-12-09T01:09:27;4.00;53.90
34508;DHT22;20749;55.626;37.664;2019-12-09T01:11:29;4.00;54.00
34508;DHT22;20749;55.626;37.664;2019-12-09T01:13:30;4.00;54.20
34508;DHT22;20749;55.626;37.664;2019-12-09T01:15:31;4.00;54.30
34508;DHT22;20749;55.626;37.664;2019-12-09T01:17:33;4.00;54.30
34508;DHT22;20749;55.626;37.664;2019-12-09T01:19:34;4.10;54.40
34508;DHT22;20749;55.626;37.664;2019-12-09T01:21:35;4.10;55.10
34508;DHT22;20749;55.626;37.664;2019-12-09T01:23:37;4.10;54.50
34508;DHT22;20749;55.626;37.664;2019-12-09T01:25:38;4.10;54.70
34508;DHT22;20749;55.626;37.664;2019-12-09T01:27:39;4.10;54.70
34508;DHT22;20749;55.626;37.664;2019-12-09T01:29:41;4.10;54.80
34508;DHT22;20749;55.626;37.664;2019-12-09T01:31:42;4.10;54.80
34508;DHT22;20749;55.626;37.664;2019-12-09T01:33:43;4.10;54.90
34508;DHT22;20749;55.626;37.664;2019-12-09T01:35:45;4.10;55.00
34508;DHT22;20749;55.626;37.664;2019-12-09T01:37:46;4.10;55.20
34508;DHT22;20749;55.626;37.664;2019-12-09T01:39:47;4.10;55.20
34508;DHT22;20749;55.626;37.664;2019-12-09T01:41:49;4.10;55.30
34508;DHT22;20749;55.626;37.664;2019-12-09T01:43:50;4.10;55.50
34508;DHT22;20749;55.626;37.664;2019-12-09T01:45:51;4.10;55.50
34508;DHT22;20749;55.626;37.664;2019-12-09T01:47:53;4.10;55.80
34508;DHT22;20749;55.626;37.664;2019-12-09T01:49:54;4.10;55.70
34508;DHT22;20749;55.626;37.664;2019-12-09T01:51:55;4.10;55.80
34508;DHT22;20749;55.626;37.664;2019-12-09T01:53:57;4.10;55.90
34508;DHT22;20749;55.626;37.664;2019-12-09T01:55:58;4.10;56.10
34508;DHT22;20749;55.626;37.664;2019-12-09T01:57:59;4.10;56.20
34508;DHT22;20749;55.626;37.664;2019-12-09T02:00:01;4.10;56.20
34508;DHT22;20749;55.626;37.664;2019-12-09T02:02:02;4.20;56.40
34508;DHT22;20749;55.626;37.664;2019-12-09T02:04:03;4.20;56.40
34508;DHT22;20749;55.626;37.664;2019-12-09T02:06:05;4.20;56.70
34508;DHT22;20749;55.626;37.664;2019-12-09T02:08:06;4.20;56.70
34508;DHT22;20749;55.626;37.664;2019-12-09T02:10:07;4.20;56.70
34508;DHT22;20749;55.626;37.664;2019-12-09T02:12:09;4.20;56.80
34508;DHT22;20749;55.626;37.664;2019-12-09T02:14:10;4.20;56.80
34508;DHT22;20749;55.626;37.664;2019-12-09T02:16:11;4.30;57.00
34508;DHT22;20749;55.626;37.664;2019-12-09T02:18:13;4.30;57.00
34508;DHT22;20749;55.626;37.664;2019-12-09T02:20:14;4.30;57.00
34508;DHT22;20749;55.626;37.664;2019-12-09T02:22:16;4.30;57.10
34508;DHT22;20749;55.626;37.664;2019-12-09T02:24:17;4.30;57.10
34508;DHT22;20749;55.626;37.664;2019-12-09T02:26:18;4.30;57.20
34508;DHT22;20749;55.626;37.664;2019-12-09T02:28:20;4.30;57.20
34508;DHT22;20749;55.626;37.664;2019-12-09T02:30:21;4.30;57.40
34508;DHT22;20749;55.626;37.664;2019-12-09T02:32:22;4.30;57.40
34508;DHT22;20749;55.626;37.664;2019-12-09T02:34:24;4.30;57.40
34508;DHT22;20749;55.626;37.664;2019-12-09T02:36:25;4.30;57.50
34508;DHT22;20749;55.626;37.664;2019-12-09T02:40:00;4.30;57.50
34508;DHT22;20749;55.626;37.664;2019-12-09T02:42:01;4.30;57.50
34508;DHT22;20749;55.626;37.664;2019-12-09T02:44:03;4.30;57.50
34508;DHT22;20749;55.626;37.664;2019-12-09T02:46:04;4.30;57.70
34508;DHT22;20749;55.626;37.664;2019-12-09T02:48:06;4.40;57.90
34508;DHT22;20749;55.626;37.664;2019-12-09T02:50:07;4.40;58.00
34508;DHT22;20749;55.626;37.664;2019-12-09T02:52:08;4.40;58.00
34508;DHT22;20749;55.626;37.664;2019-12-09T02:54:10;4.40;58.10
34508;DHT22;20749;55.626;37.664;2019-12-09T02:56:11;4.40;58.10
34508;DHT22;20749;55.626;37.664;2019-12-09T02:58:12;4.40;58.20
34508;DHT22;20749;55.626;37.664;2019-12-09T03:00:14;4.40;58.30
34508;DHT22;20749;55.626;37.664;2019-12-09T03:02:15;4.50;58.30
34508;DHT22;20749;55.626;37.664;2019-12-09T03:04:16;4.50;58.40
34508;DHT22;20749;55.626;37.664;2019-12-09T03:06:18;4.50;58.50
34508;DHT22;20749;55.626;37.664;2019-12-09T03:08:19;4.50;58.50
34508;DHT22;20749;55.626;37.664;2019-12-09T03:10:21;4.50;58.70
34508;DHT22;20749;55.626;37.664;2019-12-09T03:12:22;4.50;58.90
34508;DHT22;20749;55.626;37.664;2019-12-09T03:14:23;4.50;58.80
34508;DHT22;20749;55.626;37.664;2019-12-09T03:16:58;4.50;58.90
34508;DHT22;20749;55.626;37.664;2019-12-09T03:19:04;4.50;58.80
34508;DHT22;20749;55.626;37.664;2019-12-09T03:21:06;4.50;58.90
34508;DHT22;20749;55.626;37.664;2019-12-09T03:23:12;4.50;58.90
34508;DHT22;20749;55.626;37.664;2019-12-09T03:25:14;4.50;59.00
34508;DHT22;20749;55.626;37.664;2019-12-09T03:27:22;4.50;59.00
34508;DHT22;20749;55.626;37.664;2019-12-09T03:29:41;4.60;59.00
34508;DHT22;20749;55.626;37.664;2019-12-09T03:31:43;4.60;59.00
34508;DHT22;20749;55.626;37.664;2019-12-09T03:33:58;4.60;59.10
34508;DHT22;22037;55.106;36.814;2019-12-09T03:35:59;4.60;59.20
34508;DHT22;22037;55.106;36.814;2019-12-09T03:38:01;4.60;59.40
34508;DHT22;22037;55.106;36.814;2019-12-09T03:40:02;4.60;59.30
34508;DHT22;22037;55.106;36.814;2019-12-09T03:42:04;4.60;59.30
34508;DHT22;22037;55.106;36.814;2019-12-09T03:44:07;4.60;59.40
34508;DHT22;22037;55.106;36.814;2019-12-09T03:46:19;4.60;59.40
34508;DHT22;22037;55.106;36.814;2019-12-09T03:48:25;4.70;59.40
34508;DHT22;22037;55.106;36.814;2019-12-09T03:50:30;4.70;59.30
34508;DHT22;22037;55.106;36.814;2019-12-09T03:52:36;4.70;59.30
34508;DHT22;22037;55.106;36.814;2019-12-09T03:54:41;4.70;59.30
34508;DHT22;22037;55.106;36.814;2019-12-09T03:56:48;4.70;59.40
34508;DHT22;22037;55.106;36.814;2019-12-09T03:58:58;4.70;59.50
34508;DHT22;22037;55.106;36.814;2019-12-09T04:00:59;4.70;59.20
34508;DHT22;22037;55.106;36.814;2019-12-09T04:03:01;4.80;59.30
34508;DHT22;22037;55.106;36.814;2019-12-09T04:05:04;4.80;59.40
34508;DHT22;22037;55.106;36.814;2019-12-09T04:07:07;4.80;59.40
34508;DHT22;22037;55.106;36.814;2019-12-09T04:09:13;4.80;59.60
34508;DHT22;22037;55.106;36.814;2019-12-09T04:11:15;4.80;59.60
34508;DHT22;22037;55.106;36.814;2019-12-09T04:13:16;4.80;59.60
34508;DHT22;22037;55.106;36.814;2019-12-09T04:15:18;4.80;59.60
34508;DHT22;22037;55.106;36.814;2019-12-09T04:17:20;4.80;59.50
34508;DHT22;22037;55.106;36.814;2019-12-09T04:19:21;4.90;59.60
34508;DHT22;22037;55.106;36.814;2019-12-09T04:21:22;4.90;59.60
34508;DHT22;22037;55.106;36.814;2019-12-09T04:23:24;4.90;59.50
34508;DHT22;22037;55.106;36.814;2019-12-09T04:25:25;4.90;59.50
34508;DHT22;22037;55.106;36.814;2019-12-09T04:27:26;4.90;60.10
34508;DHT22;22037;55.106;36.814;2019-12-09T04:29:29;4.90;59.50
34508;DHT22;22037;55.106;36.814;2019-12-09T04:31:32;4.90;59.40
34508;DHT22;22037;55.106;36.814;2019-12-09T04:33:51;4.90;59.40
34508;DHT22;22037;55.106;36.814;2019-12-09T04:36:21;4.90;59.40
34508;DHT22;22037;55.106;36.814;2019-12-09T04:38:42;4.90;59.30
34508;DHT22;22037;55.106;36.814;2019-12-09T04:40:47;4.90;59.20
34508;DHT22;22037;55.106;36.814;2019-12-09T04:43:04;4.90;59.20
34508;DHT22;22037;55.106;36.814;2019-12-09T04:45:07;4.90;59.20
34508;DHT22;22037;55.106;36.814;2019-12-09T04:47:15;4.90;59.20
34508;DHT22;22037;55.106;36.814;2019-12-09T04:49:26;4.90;59.30
34508;DHT22;22037;55.106;36.814;2019-12-09T04:51:28;4.90;59.30
34508;DHT22;22037;55.106;36.814;2019-12-09T04:53:31;4.90;59.20
34508;DHT22;22037;55.106;36.814;2019-12-09T04:55:32;5.00;59.40
34508;DHT22;22037;55.106;36.814;2019-12-09T04:57:34;4.90;59.20
34508;DHT22;22037;55.106;36.814;2019-12-09T04:59:35;5.00;59.30
34508;DHT22;22037;55.106;36.814;2019-12-09T05:01:37;5.00;59.40
34508;DHT22;22037;55.106;36.814;2019-12-09T05:03:38;5.00;59.30
34508;DHT22;22037;55.106;36.814;2019-12-09T05:05:39;5.00;59.30
34508;DHT22;22037;55.106;36.814;2019-12-09T05:07:41;5.00;59.30
34508;DHT22;22037;55.106;36.814;2019-12-09T05:09:42;5.00;59.40
34508;DHT22;22037;55.106;36.814;2019-12-09T05:11:44;4.90;59.20
34508;DHT22;22037;55.106;36.814;2019-12-09T05:13:46;5.00;59.30
34508;DHT22;22037;55.106;36.814;2019-12-09T05:15:47;4.90;59.20
34508;DHT22;22037;55.106;36.814;2019-12-09T05:17:49;4.90;59.20
34508;DHT22;22037;55.106;36.814;2019-12-09T05:19:50;5.00;59.30
34508;DHT22;22037;55.106;36.814;2019-12-09T05:21:51;4.90;59.20
34508;DHT22;22037;55.106;36.814;2019-12-09T05:23:53;5.00;59.30
34508;DHT22;22037;55.106;36.814;2019-12-09T05:25:54;4.90;59.20
34508;DHT22;22037;55.106;36.814;2019-12-09T05:27:55;5.00;59.30
34508;DHT22;22037;55.106;36.814;2019-12-09T05:29:57;5.00;59.80
34508;DHT22;22037;55.106;36.814;2019-12-09T05:31:58;5.00;59.30
34508;DHT22;22037;55.106;36.814;2019-12-09T05:34:01;5.00;59.20
34508;DHT22;22037;55.106;36.814;2019-12-09T05:36:02;5.00;59.20
34508;DHT22;22037;55.106;36.814;2019-12-09T05:38:04;5.00;59.10
34508;DHT22;22037;55.106;36.814;2019-12-09T05:40:05;5.00;59.10
34508;DHT22;22037;55.106;36.814;2019-12-09T05:42:06;5.00;59.00
34508;DHT22;22037;55.106;36.814;2019-12-09T05:44:08;5.00;59.00
34508;DHT22;22037;55.106;36.814;2019-12-09T05:46:09;5.00;59.00
34508;DHT22;22037;55.106;36.814;2019-12-09T05:48:10;5.00;59.00
34508;DHT22;22037;55.106;36.814;2019-12-09T05:50:12;5.00;59.00
34508;DHT22;22037;55.106;36.814;2019-12-09T05:52:13;5.00;59.00
34508;DHT22;22037;55.106;36.814;2019-12-09T05:54:15;5.00;59.00
34508;DHT22;22037;55.106;36.814;2019-12-09T05:56:16;5.00;59.00
34508;DHT22;22037;55.106;36.814;2019-12-09T05:58:17;5.00;59.00
34508;DHT22;22037;55.106;36.814;2019-12-09T06:00:19;5.00;59.00
34508;DHT22;22037;55.106;36.814;2019-12-09T06:02:20;5.00;59.00
34508;DHT22;22037;55.106;36.814;2019-12-09T06:04:28;5.00;59.00
34508;DHT22;22037;55.106;36.814;2019-12-09T06:06:29;5.00;58.90
34508;DHT22;22037;55.106;36.814;2019-12-09T06:08:49;5.00;58.80
34508;DHT22;22037;55.106;36.814;2019-12-09T06:10:51;5.10;58.80
34508;DHT22;22037;55.106;36.814;2019-12-09T06:12:52;5.10;58.80
34508;DHT22;22037;55.106;36.814;2019-12-09T06:15:26;5.00;58.80
34508;DHT22;22037;55.106;36.814;2019-12-09T06:17:28;5.00;58.80
34508;DHT22;22037;55.106;36.814;2019-12-09T06:19:29;5.10;58.90
34508;DHT22;22037;55.106;36.814;2019-12-09T06:21:30;5.00;58.80
34508;DHT22;22037;55.106;36.814;2019-12-09T06:23:32;5.10;58.80
34508;DHT22;22037;55.106;36.814;2019-12-09T06:25:33;5.10;58.90
34508;DHT22;22037;55.106;36.814;2019-12-09T06:27:34;5.10;58.80
34508;DHT22;22037;55.106;36.814;2019-12-09T06:29:36;5.10;58.80
34508;DHT22;22037;55.106;36.814;2019-12-09T06:31:37;5.10;58.80
34508;DHT22;22037;55.106;36.814;2019-12-09T06:33:39;5.10;58.70
34508;DHT22;22037;55.106;36.814;2019-12-09T06:35:40;5.10;58.70
34508;DHT22;22037;55.106;36.814;2019-12-09T06:37:42;5.10;58.70
34508;DHT22;22037;55.106;36.814;2019-12-09T06:39:43;5.10;58.60
34508;DHT22;22037;55.106;36.814;2019-12-09T06:41:44;5.20;58.60
34508;DHT22;22037;55.106;36.814;2019-12-09T06:43:46;5.10;58.60
34508;DHT22;22037;55.106;36.814;2019-12-09T06:45:47;5.20;58.60
34508;DHT22;22037;55.106;36.814;2019-12-09T06:47:48;5.20;58.60
34508;DHT22;22037;55.106;36.814;2019-12-09T06:49:50;5.20;58.50
34508;DHT22;22037;55.106;36.814;2019-12-09T06:51:51;5.20;58.50
34508;DHT22;22037;55.106;36.814;2019-12-09T06:53:52;5.20;59.10
34508;DHT22;22037;55.106;36.814;2019-12-09T06:55:54;5.20;58.40
34508;DHT22;22037;55.106;36.814;2019-12-09T06:57:55;5.20;58.30
34508;DHT22;22037;55.106;36.814;2019-12-09T06:59:56;5.20;58.30
34508;DHT22;22037;55.106;36.814;2019-12-09T07:01:58;5.30;58.30
34508;DHT22;22037;55.106;36.814;2019-12-09T07:03:59;5.30;58.30
34508;DHT22;22037;55.106;36.814;2019-12-09T07:06:01;5.30;58.30
34508;DHT22;22037;55.106;36.814;2019-12-09T07:08:02;5.30;58.10
34508;DHT22;22037;55.106;36.814;2019-12-09T07:10:03;5.30;58.10
34508;DHT22;22037;55.106;36.814;2019-12-09T07:12:05;5.30;58.10
34508;DHT22;22037;55.106;36.814;2019-12-09T07:14:06;5.40;58.10
34508;DHT22;22037;55.106;36.814;2019-12-09T07:16:07;5.40;58.00
34508;DHT22;22037;55.106;36.814;2019-12-09T07:18:09;5.40;58.30
34508;DHT22;22037;55.106;36.814;2019-12-09T07:20:10;5.40;58.00
34508;DHT22;22037;55.106;36.814;2019-12-09T07:22:11;5.40;57.90
34508;DHT22;22037;55.106;36.814;2019-12-09T07:24:13;5.50;57.90
34508;DHT22;22037;55.106;36.814;2019-12-09T07:26:14;5.50;57.70
34508;DHT22;22037;55.106;36.814;2019-12-09T07:28:21;5.50;57.60
34508;DHT22;22037;55.106;36.814;2019-12-09T07:30:24;5.60;57.60
34508;DHT22;22037;55.106;36.814;2019-12-09T07:32:30;5.60;57.50
34508;DHT22;22037;55.106;36.814;2019-12-09T07:34:31;5.60;57.30
34508;DHT22;22037;55.106;36.814;2019-12-09T07:36:32;5.60;57.20
34508;DHT22;22037;55.106;36.814;2019-12-09T07:38:34;5.70;57.20
34508;DHT22;22037;55.106;36.814;2019-12-09T07:40:36;5.70;57.00
34508;DHT22;22037;55.106;36.814;2019-12-09T07:42:37;5.70;56.90
34508;DHT22;22037;55.106;36.814;2019-12-09T07:44:38;5.80;56.80
34508;DHT22;22037;55.106;36.814;2019-12-09T07:46:40;5.80;56.70
34508;DHT22;22037;55.106;36.814;2019-12-09T07:48:41;5.80;56.70
34508;DHT22;22037;55.106;36.814;2019-12-09T07:50:42;5.80;56.50
34508;DHT22;22037;55.106;36.814;2019-12-09T07:52:44;5.80;56.30
34508;DHT22;22037;55.106;36.814;2019-12-09T07:54:45;5.90;56.40
34508;DHT22;22037;55.106;36.814;2019-12-09T07:56:47;5.90;56.30
34508;DHT22;22037;55.106;36.814;2019-12-09T07:58:48;5.80;56.20
34508;DHT22;22037;55.106;36.814;2019-12-09T08:00:58;5.90;56.30
34508;DHT22;22037;55.106;36.814;2019-12-09T08:03:53;5.90;56.20
34508;DHT22;22037;55.106;36.814;2019-12-09T08:05:54;5.90;56.00
34508;DHT22;22037;55.106;36.814;2019-12-09T08:07:55;5.90;55.90
34508;DHT22;22037;55.106;36.814;2019-12-09T08:09:57;5.90;55.90
34508;DHT22;22037;55.106;36.814;2019-12-09T08:11:58;5.90;56.50
34508;DHT22;22037;55.106;36.814;2019-12-09T08:13:59;5.90;55.80
34508;DHT22;22037;55.106;36.814;2019-12-09T08:16:01;5.90;55.80
34508;DHT22;22037;55.106;36.814;2019-12-09T08:18:02;5.90;55.70
34508;DHT22;22037;55.106;36.814;2019-12-09T08:20:04;5.90;55.70
34508;DHT22;22037;55.106;36.814;2019-12-09T08:22:05;6.00;55.80
34508;DHT22;22037;55.106;36.814;2019-12-09T08:24:06;6.00;55.70
34508;DHT22;22037;55.106;36.814;2019-12-09T08:26:08;6.00;55.60
34508;DHT22;22037;55.106;36.814;2019-12-09T08:28:09;6.00;55.60
34508;DHT22;22037;55.106;36.814;2019-12-09T08:30:10;6.00;55.50
34508;DHT22;22037;55.106;36.814;2019-12-09T08:32:12;6.00;55.50
34508;DHT22;22037;55.106;36.814;2019-12-09T08:34:13;6.00;55.50
34508;DHT22;22037;55.106;36.814;2019-12-09T08:36:14;6.00;55.40
34508;DHT22;22037;55.106;36.814;2019-12-09T08:38:16;6.00;55.40
34508;DHT22;22037;55.106;36.814;2019-12-09T08:40:17;6.00;55.40
34508;DHT22;22037;55.106;36.814;2019-12-09T08:42:19;6.00;55.40
34508;DHT22;22037;55.106;36.814;2019-12-09T08:44:21;6.00;55.90
34508;DHT22;22037;55.106;36.814;2019-12-09T08:46:23;6.00;55.40
34508;DHT22;22037;55.106;36.814;2019-12-09T08:48:24;6.00;55.40
34508;DHT22;22037;55.106;36.814;2019-12-09T08:50:27;6.10;55.40
34508;DHT22;22037;55.106;36.814;2019-12-09T08:52:29;6.10;55.40
34508;DHT22;22037;55.106;36.814;2019-12-09T08:54:30;6.10;55.20
34508;DHT22;22037;55.106;36.814;2019-12-09T08:56:31;6.10;55.20
34508;DHT22;22037;55.106;36.814;2019-12-09T08:58:33;6.10;55.00
34508;DHT22;22037;55.106;36.814;2019-12-09T09:00:34;6.10;55.00
34508;DHT22;22037;55.106;36.814;2019-12-09T09:02:36;6.10;55.00
34508;DHT22;22037;55.106;36.814;2019-12-09T09:04:37;6.10;55.00
34508;DHT22;22037;55.106;36.814;2019-12-09T09:06:38;6.10;55.00
34508;DHT22;22037;55.106;36.814;2019-12-09T09:08:40;6.10;55.00
34508;DHT22;22037;55.106;36.814;2019-12-09T09:10:41;6.10;55.00
34508;DHT22;22037;55.106;36.814;2019-12-09T09:12:42;6.10;55.10
34508;DHT22;22037;55.106;36.814;2019-12-09T09:14:44;6.10;55.10
34508;DHT22;22037;55.106;36.814;2019-12-09T09:16:45;6.00;55.00
34508;DHT22;22037;55.106;36.814;2019-12-09T09:18:46;6.00;55.10
34508;DHT22;22037;55.106;36.814;2019-12-09T09:20:48;6.00;55.20
34508;DHT22;22037;55.106;36.814;2019-12-09T09:22:50;6.00;55.20
34508;DHT22;22037;55.106;36.814;2019-12-09T09:24:51;6.00;55.30
34508;DHT22;22037;55.106;36.814;2019-12-09T09:26:52;6.00;55.30
34508;DHT22;22037;55.106;36.814;2019-12-09T09:28:54;6.00;55.30
34508;DHT22;22037;55.106;36.814;2019-12-09T09:30:55;6.00;55.20
34508;DHT22;22037;55.106;36.814;2019-12-09T09:32:57;6.00;55.20
34508;DHT22;22037;55.106;36.814;2019-12-09T09:34:58;6.10;55.30
34508;DHT22;22037;55.106;36.814;2019-12-09T09:36:59;6.10;55.20
34508;DHT22;22037;55.106;36.814;2019-12-09T09:39:01;6.20;55.10
34508;DHT22;22037;55.106;36.814;2019-12-09T09:41:04;6.20;55.00
34508;DHT22;22037;55.106;36.814;2019-12-09T09:43:05;6.20;54.90
34508;DHT22;22037;55.106;36.814;2019-12-09T09:45:07;6.20;54.80
34508;DHT22;22037;55.106;36.814;2019-12-09T09:47:08;6.20;54.80
34508;DHT22;22037;55.106;36.814;2019-12-09T09:49:10;6.20;54.70
34508;DHT22;22037;55.106;36.814;2019-12-09T09:51:11;6.20;54.80
34508;DHT22;22037;55.106;36.814;2019-12-09T09:53:12;6.20;54.80
34508;DHT22;22037;55.106;36.814;2019-12-09T09:55:14;6.10;54.80
34508;DHT22;22037;55.106;36.814;2019-12-09T09:57:15;6.10;54.90
34508;DHT22;22037;55.106;36.814;2019-12-09T09:59:16;6.10;55.00
34508;DHT22;22037;55.106;36.814;2019-12-09T10:01:18;6.10;55.00
34508;DHT22;22037;55.106;36.814;2019-12-09T10:03:19;6.10;55.00
34508;DHT22;22037;55.106;36.814;2019-12-09T10:05:21;6.10;55.00
34508;DHT22;22037;55.106;36.814;2019-12-09T10:07:22;6.10;54.90
34508;DHT22;22037;55.106;36.814;2019-12-09T10:09:23;6.10;55.00
34508;DHT22;22037;55.106;36.814;2019-12-09T10:11:25;6.10;54.90
34508;DHT22;22037;55.106;36.814;2019-12-09T10:13:26;6.10;54.90
34508;DHT22;22037;55.106;36.814;2019-12-09T10:15:27;6.20;54.90
34508;DHT22;22037;55.106;36.814;2019-12-09T10:17:29;6.20;54.90
34508;DHT22;22037;55.106;36.814;2019-12-09T10:19:30;6.20;54.90
34508;DHT22;22037;55.106;36.814;2019-12-09T10:21:31;6.20;54.90
34508;DHT22;22037;55.106;36.814;2019-12-09T10:23:33;6.20;54.80
34508;DHT22;22037;55.106;36.814;2019-12-09T10:25:34;6.30;54.80
34508;DHT22;22037;55.106;36.814;2019-12-09T10:27:36;6.20;54.70
34508;DHT22;22037;55.106;36.814;2019-12-09T10:29:38;6.20;54.70
34508;DHT22;22037;55.106;36.814;2019-12-09T10:31:40;6.20;54.80
34508;DHT22;22037;55.106;36.814;2019-12-09T10:33:41;6.20;54.80
34508;DHT22;22037;55.106;36.814;2019-12-09T10:35:42;6.20;54.80
34508;DHT22;22037;55.106;36.814;2019-12-09T10:37:44;6.10;54.80
34508;DHT22;22037;55.106;36.814;2019-12-09T10:39:45;6.10;54.90
34508;DHT22;22037;55.106;36.814;2019-12-09T10:41:47;6.10;55.00
34508;DHT22;22037;55.106;36.814;2019-12-09T10:43:48;6.20;55.10
34508;DHT22;22037;55.106;36.814;2019-12-09T10:45:50;6.20;55.00
34508;DHT22;22037;55.106;36.814;2019-12-09T10:47:51;6.20;54.90
34508;DHT22;22037;55.106;36.814;2019-12-09T10:49:52;6.20;54.90
34508;DHT22;22037;55.106;36.814;2019-12-09T10:51:54;6.20;54.90
34508;DHT22;22037;55.106;36.814;2019-12-09T10:53:55;6.20;54.90
34508;DHT22;22037;55.106;36.814;2019-12-09T10:55:56;6.20;54.90
34508;DHT22;22037;55.106;36.814;2019-12-09T10:57:58;6.20;54.90
34508;DHT22;22037;55.106;36.814;2019-12-09T10:59:59;6.20;54.90
34508;DHT22;22037;55.106;36.814;2019-12-09T11:02:01;6.20;55.00
34508;DHT22;22037;55.106;36.814;2019-12-09T11:04:02;6.20;55.10
34508;DHT22;22037;55.106;36.814;2019-12-09T11:06:04;6.20;55.00
34508;DHT22;22037;55.106;36.814;2019-12-09T11:08:05;6.30;55.10
34508;DHT22;22037;55.106;36.814;2019-12-09T11:10:08;6.20;55.10
34508;DHT22;22037;55.106;36.814;2019-12-09T11:12:09;6.20;55.10
34508;DHT22;22037;55.106;36.814;2019-12-09T11:14:11;6.20;55.10
34508;DHT22;22037;55.106;36.814;2019-12-09T11:16:12;6.20;55.20
34508;DHT22;22037;55.106;36.814;2019-12-09T11:18:13;6.20;55.20
34508;DHT22;22037;55.106;36.814;2019-12-09T11:20:15;6.20;55.20
34508;DHT22;22037;55.106;36.814;2019-12-09T11:22:16;6.20;55.20
34508;DHT22;22037;55.106;36.814;2019-12-09T11:24:17;6.20;55.30
34508;DHT22;22037;55.106;36.814;2019-12-09T11:26:19;6.20;55.30
34508;DHT22;22037;55.106;36.814;2019-12-09T11:28:20;6.20;55.30
34508;DHT22;22037;55.106;36.814;2019-12-09T11:30:21;6.20;55.30
34508;DHT22;22037;55.106;36.814;2019-12-09T11:32:23;6.20;55.30
34508;DHT22;22037;55.106;36.814;2019-12-09T11:34:24;6.20;55.40
34508;DHT22;22037;55.106;36.814;2019-12-09T11:36:25;6.20;55.40
34508;DHT22;22037;55.106;36.814;2019-12-09T11:38:42;6.20;55.40
34508;DHT22;22037;55.106;36.814;2019-12-09T11:41:01;6.20;55.40
34508;DHT22;22037;55.106;36.814;2019-12-09T11:43:03;6.20;55.40
34508;DHT22;22037;55.106;36.814;2019-12-09T11:45:04;6.20;55.40
34508;DHT22;22037;55.106;36.814;2019-12-09T11:47:06;6.20;55.70
34508;DHT22;22037;55.106;36.814;2019-12-09T11:49:07;6.20;55.70
34508;DHT22;22037;55.106;36.814;2019-12-09T11:51:08;6.10;55.70
34508;DHT22;22037;55.106;36.814;2019-12-09T11:53:10;6.10;55.80
34508;DHT22;22037;55.106;36.814;2019-12-09T11:55:11;6.10;55.80
34508;DHT22;22037;55.106;36.814;2019-12-09T11:57:12;6.10;56.00
34508;DHT22;22037;55.106;36.814;2019-12-09T11:59:14;6.10;56.10
34508;DHT22;22037;55.106;36.814;2019-12-09T12:01:15;6.10;56.30
34508;DHT22;22037;55.106;36.814;2019-12-09T12:03:16;6.00;56.30
34508;DHT22;22037;55.106;36.814;2019-12-09T12:05:18;6.00;56.40
34508;DHT22;22037;55.106;36.814;2019-12-09T12:07:19;6.00;56.50
34508;DHT22;22037;55.106;36.814;2019-12-09T12:09:20;6.00;56.50
34508;DHT22;22037;55.106;36.814;2019-12-09T12:11:22;6.00;56.50
34508;DHT22;22037;55.106;36.814;2019-12-09T12:13:23;6.00;56.50
34508;DHT22;22037;55.106;36.814;2019-12-09T12:15:25;6.00;56.60
34508;DHT22;22037;55.106;36.814;2019-12-09T12:17:26;6.10;56.80
34508;DHT22;22037;55.106;36.814;2019-12-09T12:19:27;6.00;56.90
34508;DHT22;22037;55.106;36.814;2019-12-09T12:21:29;6.00;57.00
34508;DHT22;22037;55.106;36.814;2019-12-09T12:23:30;6.00;57.20
34508;DHT22;22037;55.106;36.814;2019-12-09T12:25:31;5.90;57.10
34508;DHT22;22037;55.106;36.814;2019-12-09T12:27:33;5.90;57.20
34508;DHT22;22037;55.106;36.814;2019-12-09T12:29:34;5.90;57.30
34508;DHT22;22037;55.106;36.814;2019-12-09T12:31:35;5.90;57.30
34508;DHT22;22037;55.106;36.814;2019-12-09T12:33:37;5.90;57.40
34508;DHT22;22037;55.106;36.814;2019-12-09T12:35:38;5.90;57.40
34508;DHT22;22037;55.106;36.814;2019-12-09T12:37:39;5.90;57.40
34508;DHT22;22037;55.106;36.814;2019-12-09T12:39:41;5.90;57.50
34508;DHT22;22037;55.106;36.814;2019-12-09T12:41:44;5.90;57.80
34508;DHT22;22037;55.106;36.814;2019-12-09T12:43:45;5.90;57.50
34508;DHT22;22037;55.106;36.814;2019-12-09T12:45:46;5.90;57.40
34508;DHT22;22037;55.106;36.814;2019-12-09T12:47:48;5.90;57.40
34508;DHT22;22037;55.106;36.814;2019-12-09T12:49:49;5.90;57.40
34508;DHT22;22037;55.106;36.814;2019-12-09T12:51:50;5.90;57.40
34508;DHT22;22037;55.106;36.814;2019-12-09T12:53:52;5.90;57.40
34508;DHT22;22037;55.106;36.814;2019-12-09T12:55:53;5.90;57.30
34508;DHT22;22037;55.106;36.814;2019-12-09T12:57:54;5.90;57.20
34508;DHT22;22037;55.106;36.814;2019-12-09T12:59:56;5.90;57.20
34508;DHT22;22037;55.106;36.814;2019-12-09T13:01:57;5.90;57.20
34508;DHT22;22037;55.106;36.814;2019-12-09T13:03:59;5.90;57.20
34508;DHT22;22037;55.106;36.814;2019-12-09T13:06:00;5.90;57.20
34508;DHT22;22037;55.106;36.814;2019-12-09T13:08:02;5.90;57.20
34508;DHT22;22037;55.106;36.814;2019-12-09T13:10:03;5.90;57.20
34508;DHT22;22037;55.106;36.814;2019-12-09T13:12:04;5.90;57.10
34508;DHT22;22037;55.106;36.814;2019-12-09T13:14:06;5.90;57.10
34508;DHT22;22037;55.106;36.814;2019-12-09T13:16:07;5.90;57.10
34508;DHT22;22037;55.106;36.814;2019-12-09T13:18:08;5.90;57.40
34508;DHT22;22037;55.106;36.814;2019-12-09T13:20:10;6.00;57.10
34508;DHT22;22037;55.106;36.814;2019-12-09T13:22:11;6.00;57.00
34508;DHT22;22037;55.106;36.814;2019-12-09T13:24:13;6.00;57.00
34508;DHT22;22037;55.106;36.814;2019-12-09T13:26:14;6.00;57.00
34508;DHT22;22037;55.106;36.814;2019-12-09T13:28:15;6.00;56.90
34508;DHT22;22037;55.106;36.814;2019-12-09T13:30:17;6.00;56.90
34508;DHT22;22037;55.106;36.814;2019-12-09T13:32:18;6.00;56.90
34508;DHT22;22037;55.106;36.814;2019-12-09T13:34:19;6.00;56.90
34508;DHT22;22037;55.106;36.814;2019-12-09T13:36:21;6.00;56.90
34508;DHT22;22037;55.106;36.814;2019-12-09T13:38:22;6.00;56.90
34508;DHT22;22037;55.106;36.814;2019-12-09T13:40:24;6.00;56.90
34508;DHT22;22037;55.106;36.814;2019-12-09T13:42:26;6.00;56.90
34508;DHT22;22037;55.106;36.814;2019-12-09T13:44:27;6.00;56.90
34508;DHT22;22037;55.106;36.814;2019-12-09T13:46:28;6.00;56.90
34508;DHT22;22037;55.106;36.814;2019-12-09T13:48:30;6.00;56.80
34508;DHT22;22037;55.106;36.814;2019-12-09T13:50:31;6.00;57.40
34508;DHT22;22037;55.106;36.814;2019-12-09T13:52:33;6.00;56.90
34508;DHT22;22037;55.106;36.814;2019-12-09T13:54:34;6.00;56.90
34508;DHT22;22037;55.106;36.814;2019-12-09T13:56:36;6.00;56.90
34508;DHT22;22037;55.106;36.814;2019-12-09T13:58:37;6.00;56.90
34508;DHT22;22037;55.106;36.814;2019-12-09T14:00:39;6.00;56.90
34508;DHT22;22037;55.106;36.814;2019-12-09T14:02:40;6.00;57.40
34508;DHT22;22037;55.106;36.814;2019-12-09T14:04:42;6.00;56.90
34508;DHT22;22037;55.106;36.814;2019-12-09T14:06:43;6.00;56.90
34508;DHT22;22037;55.106;36.814;2019-12-09T14:08:44;6.00;56.90
34508;DHT22;22037;55.106;36.814;2019-12-09T14:10:46;6.00;56.90
34508;DHT22;22037;55.106;36.814;2019-12-09T14:12:47;6.00;56.90
34508;DHT22;22037;55.106;36.814;2019-12-09T14:14:48;6.00;56.90
34508;DHT22;22037;55.106;36.814;2019-12-09T14:17:10;6.00;57.00
34508;DHT22;22037;55.106;36.814;2019-12-09T14:19:12;6.00;56.90
34508;DHT22;22037;55.106;36.814;2019-12-09T14:21:13;6.00;56.90
34508;DHT22;22037;55.106;36.814;2019-12-09T14:23:15;6.00;57.00
34508;DHT22;22037;55.106;36.814;2019-12-09T14:25:16;6.00;57.00
34508;DHT22;22037;55.106;36.814;2019-12-09T14:27:18;6.00;57.00
34508;DHT22;22037;55.106;36.814;2019-12-09T14:29:19;6.00;57.00
34508;DHT22;22037;55.106;36.814;2019-12-09T14:31:21;6.00;57.00
34508;DHT22;22037;55.106;36.814;2019-12-09T14:33:22;6.00;57.00
34508;DHT22;22037;55.106;36.814;2019-12-09T14:35:24;6.00;57.00
34508;DHT22;22037;55.106;36.814;2019-12-09T14:38:59;6.00;57.00
34508;DHT22;22037;55.106;36.814;2019-12-09T14:41:00;6.00;57.00
34508;DHT22;22037;55.106;36.814;2019-12-09T14:43:02;6.00;56.90
34508;DHT22;22037;55.106;36.814;2019-12-09T14:45:03;6.00;56.80
34508;DHT22;22037;55.106;36.814;2019-12-09T14:47:05;6.00;57.00
34508;DHT22;22037;55.106;36.814;2019-12-09T14:49:06;6.00;57.10
34508;DHT22;22037;55.106;36.814;2019-12-09T14:51:08;6.00;57.20
34508;DHT22;22037;55.106;36.814;2019-12-09T14:53:10;6.00;57.10
34508;DHT22;22037;55.106;36.814;2019-12-09T14:55:12;6.00;57.20
34508;DHT22;22037;55.106;36.814;2019-12-09T14:57:14;6.00;57.20
34508;DHT22;22037;55.106;36.814;2019-12-09T14:59:15;6.00;57.20
34508;DHT22;22037;55.106;36.814;2019-12-09T15:01:18;6.00;57.30
34508;DHT22;22037;55.106;36.814;2019-12-09T15:03:20;6.00;57.20
34508;DHT22;22037;55.106;36.814;2019-12-09T15:05:22;6.00;57.20
34508;DHT22;22037;55.106;36.814;2019-12-09T15:07:24;6.00;57.20
34508;DHT22;22037;55.106;36.814;2019-12-09T15:09:25;6.00;57.20
34508;DHT22;22037;55.106;36.814;2019-12-09T15:11:27;6.00;57.20
34508;DHT22;22037;55.106;36.814;2019-12-09T15:13:30;6.00;57.20
34508;DHT22;22037;55.106;36.814;2019-12-09T15:15:32;6.00;57.20
34508;DHT22;22037;55.106;36.814;2019-12-09T15:17:34;6.00;57.20
34508;DHT22;22037;55.106;36.814;2019-12-09T15:19:35;6.00;57.30
34508;DHT22;22037;55.106;36.814;2019-12-09T15:21:37;6.00;57.40
34508;DHT22;22037;55.106;36.814;2019-12-09T15:23:38;6.00;57.40
34508;DHT22;22037;55.106;36.814;2019-12-09T15:25:40;6.00;57.50
34508;DHT22;22037;55.106;36.814;2019-12-09T15:27:41;6.00;57.60
34508;DHT22;22037;55.106;36.814;2019-12-09T15:29:43;6.00;57.60
34508;DHT22;22037;55.106;36.814;2019-12-09T15:31:45;6.00;57.60
34508;DHT22;22037;55.106;36.814;2019-12-09T15:33:46;6.00;57.70
34508;DHT22;22037;55.106;36.814;2019-12-09T15:35:47;6.00;57.70
34508;DHT22;22037;55.106;36.814;2019-12-09T15:37:49;6.00;57.90
34508;DHT22;22037;55.106;36.814;2019-12-09T15:39:51;6.00;57.80
34508;DHT22;22037;55.106;36.814;2019-12-09T15:41:52;6.00;57.80
34508;DHT22;22037;55.106;36.814;2019-12-09T15:43:54;6.00;57.80
34508;DHT22;22037;55.106;36.814;2019-12-09T15:45:55;6.00;57.80
34508;DHT22;22037;55.106;36.814;2019-12-09T15:47:57;6.00;57.80
34508;DHT22;22037;55.106;36.814;2019-12-09T15:49:58;6.00;57.80
34508;DHT22;22037;55.106;36.814;2019-12-09T15:52:00;6.00;58.00
34508;DHT22;22037;55.106;36.814;2019-12-09T15:54:02;6.00;58.00
34508;DHT22;22037;55.106;36.814;2019-12-09T15:56:03;6.00;58.00
34508;DHT22;22037;55.106;36.814;2019-12-09T15:58:05;5.90;58.00
34508;DHT22;22037;55.106;36.814;2019-12-09T16:00:06;5.90;58.00
34508;DHT22;22037;55.106;36.814;2019-12-09T16:02:07;5.90;58.10
34508;DHT22;22037;55.106;36.814;2019-12-09T16:04:09;5.90;58.10
34508;DHT22;22037;55.106;36.814;2019-12-09T16:06:10;5.90;58.10
34508;DHT22;22037;55.106;36.814;2019-12-09T16:08:12;5.90;58.20
34508;DHT22;22037;55.106;36.814;2019-12-09T16:10:14;5.90;58.20
34508;DHT22;22037;55.106;36.814;2019-12-09T16:12:15;5.90;58.20
34508;DHT22;22037;55.106;36.814;2019-12-09T16:14:16;5.90;58.90
34508;DHT22;22037;55.106;36.814;2019-12-09T16:16:18;5.90;58.30
34508;DHT22;22037;55.106;36.814;2019-12-09T16:18:20;5.90;58.30
34508;DHT22;22037;55.106;36.814;2019-12-09T16:20:21;5.90;58.30
34508;DHT22;22037;55.106;36.814;2019-12-09T16:22:22;5.90;58.30
34508;DHT22;22037;55.106;36.814;2019-12-09T16:24:24;5.90;58.30
34508;DHT22;22037;55.106;36.814;2019-12-09T16:26:25;5.90;58.30
34508;DHT22;22037;55.106;36.814;2019-12-09T16:28:27;5.90;58.30
34508;DHT22;22037;55.106;36.814;2019-12-09T16:30:28;5.90;58.30
34508;DHT22;22037;55.106;36.814;2019-12-09T16:32:29;5.90;58.30
34508;DHT22;22037;55.106;36.814;2019-12-09T16:34:31;5.90;58.30
34508;DHT22;22037;55.106;36.814;2019-12-09T16:36:33;5.90;58.40
34508;DHT22;22037;55.106;36.814;2019-12-09T16:38:35;5.90;58.50
34508;DHT22;22037;55.106;36.814;2019-12-09T16:40:36;5.90;58.60
34508;DHT22;22037;55.106;36.814;2019-12-09T16:42:38;5.80;58.60
34508;DHT22;22037;55.106;36.814;2019-12-09T16:44:39;5.80;58.70
34508;DHT22;22037;55.106;36.814;2019-12-09T16:46:40;5.80;58.80
34508;DHT22;22037;55.106;36.814;2019-12-09T16:48:42;5.80;58.80
34508;DHT22;22037;55.106;36.814;2019-12-09T16:50:44;5.80;58.80
34508;DHT22;22037;55.106;36.814;2019-12-09T16:52:45;5.80;58.80
34508;DHT22;22037;55.106;36.814;2019-12-09T16:54:47;5.90;58.70
34508;DHT22;22037;55.106;36.814;2019-12-09T16:56:49;5.90;58.70
34508;DHT22;22037;55.106;36.814;2019-12-09T16:58:50;5.90;58.70
34508;DHT22;22037;55.106;36.814;2019-12-09T17:01:10;5.90;58.60
34508;DHT22;22037;55.106;36.814;2019-12-09T17:03:31;5.90;58.90
34508;DHT22;22037;55.106;36.814;2019-12-09T17:05:49;5.90;58.40
34508;DHT22;22037;55.106;36.814;2019-12-09T17:08:11;5.90;58.40
34508;DHT22;22037;55.106;36.814;2019-12-09T17:10:12;5.90;58.40
34508;DHT22;22037;55.106;36.814;2019-12-09T17:12:14;5.90;58.40
34508;DHT22;22037;55.106;36.814;2019-12-09T17:14:15;5.90;58.30
34508;DHT22;22037;55.106;36.814;2019-12-09T17:16:17;5.90;58.30
34508;DHT22;22037;55.106;36.814;2019-12-09T17:18:18;6.00;58.30
34508;DHT22;22037;55.106;36.814;2019-12-09T17:20:19;6.00;58.30
34508;DHT22;22037;55.106;36.814;2019-12-09T17:22:21;6.00;58.20
34508;DHT22;22037;55.106;36.814;2019-12-09T17:24:22;6.00;58.10
34508;DHT22;22037;55.106;36.814;2019-12-09T17:26:23;6.00;58.00
34508;DHT22;22037;55.106;36.814;2019-12-09T17:28:25;6.00;58.00
34508;DHT22;22037;55.106;36.814;2019-12-09T17:30:26;6.00;58.00
34508;DHT22;22037;55.106;36.814;2019-12-09T17:32:28;6.00;58.00
34508;DHT22;22037;55.106;36.814;2019-12-09T17:34:29;6.00;58.10
34508;DHT22;22037;55.106;36.814;2019-12-09T17:36:31;6.00;58.00
34508;DHT22;22037;55.106;36.814;2019-12-09T17:38:32;6.00;58.00
34508;DHT22;22037;55.106;36.814;2019-12-09T17:40:34;6.00;58.00
34508;DHT22;22037;55.106;36.814;2019-12-09T17:42:35;6.00;57.90
34508;DHT22;22037;55.106;36.814;2019-12-09T17:44:36;6.00;57.80
34508;DHT22;22037;55.106;36.814;2019-12-09T17:46:38;6.00;57.80
34508;DHT22;22037;55.106;36.814;2019-12-09T17:48:39;6.00;57.70
34508;DHT22;22037;55.106;36.814;2019-12-09T17:50:40;6.00;57.70
34508;DHT22;22037;55.106;36.814;2019-12-09T17:52:42;6.00;57.70
34508;DHT22;22037;55.106;36.814;2019-12-09T17:54:43;6.00;57.70
34508;DHT22;22037;55.106;36.814;2019-12-09T17:56:44;6.00;57.60
34508;DHT22;22037;55.106;36.814;2019-12-09T17:58:46;6.00;57.60
34508;DHT22;22037;55.106;36.814;2019-12-09T18:00:47;6.00;57.60
34508;DHT22;22037;55.106;36.814;2019-12-09T18:02:49;6.00;57.60
34508;DHT22;22037;55.106;36.814;2019-12-09T18:04:50;6.00;57.60
34508;DHT22;22037;55.106;36.814;2019-12-09T18:06:52;6.00;57.60
34508;DHT22;22037;55.106;36.814;2019-12-09T18:08:53;6.00;57.60
34508;DHT22;22037;55.106;36.814;2019-12-09T18:10:54;6.00;57.60
34508;DHT22;22037;55.106;36.814;2019-12-09T18:12:56;6.00;57.60
34508;DHT22;22037;55.106;36.814;2019-12-09T18:14:57;6.00;57.60
34508;DHT22;22037;55.106;36.814;2019-12-09T18:16:59;6.00;57.60
34508;DHT22;22037;55.106;36.814;2019-12-09T18:19:00;6.00;57.70
34508;DHT22;22037;55.106;36.814;2019-12-09T18:21:02;6.00;57.60
34508;DHT22;22037;55.106;36.814;2019-12-09T18:23:04;6.00;57.70
34508;DHT22;22037;55.106;36.814;2019-12-09T18:25:05;6.00;57.50
34508;DHT22;22037;55.106;36.814;2019-12-09T18:27:07;6.00;57.70
34508;DHT22;22037;55.106;36.814;2019-12-09T18:29:08;6.00;57.70
34508;DHT22;22037;55.106;36.814;2019-12-09T18:31:10;5.90;57.60
34508;DHT22;22037;55.106;36.814;2019-12-09T18:33:11;6.00;57.70
34508;DHT22;22037;55.106;36.814;2019-12-09T18:35:13;6.00;57.70
34508;DHT22;22037;55.106;36.814;2019-12-09T18:37:14;6.00;57.70
34508;DHT22;22037;55.106;36.814;2019-12-09T18:39:16;6.00;57.70
34508;DHT22;22037;55.106;36.814;2019-12-09T18:41:17;5.90;57.60
34508;DHT22;22037;55.106;36.814;2019-12-09T18:43:19;5.90;57.70
34508;DHT22;22037;55.106;36.814;2019-12-09T18:45:21;6.00;57.80
34508;DHT22;22037;55.106;36.814;2019-12-09T18:47:43;6.00;57.80
34508;DHT22;22037;55.106;36.814;2019-12-09T18:50:06;6.00;57.70
34508;DHT22;22037;55.106;36.814;2019-12-09T18:52:40;6.00;57.70
34508;DHT22;22037;55.106;36.814;2019-12-09T18:54:43;6.00;57.60
34508;DHT22;22037;55.106;36.814;2019-12-09T18:56:45;5.90;57.60
34508;DHT22;22037;55.106;36.814;2019-12-09T18:58:46;6.00;57.70
34508;DHT22;22037;55.106;36.814;2019-12-09T19:00:48;6.00;57.80
34508;DHT22;22037;55.106;36.814;2019-12-09T19:02:49;6.00;57.70
34508;DHT22;22037;55.106;36.814;2019-12-09T19:04:52;6.00;57.80
34508;DHT22;22037;55.106;36.814;2019-12-09T19:06:53;6.00;57.80
34508;DHT22;22037;55.106;36.814;2019-12-09T19:08:55;6.00;57.80
34508;DHT22;22037;55.106;36.814;2019-12-09T19:10:57;6.00;57.80
34508;DHT22;22037;55.106;36.814;2019-12-09T19:12:58;6.00;57.80
34508;DHT22;22037;55.106;36.814;2019-12-09T19:15:00;6.00;57.80
34508;DHT22;22037;55.106;36.814;2019-12-09T19:17:01;6.00;57.80
34508;DHT22;22037;55.106;36.814;2019-12-09T19:19:03;6.00;57.90
34508;DHT22;22037;55.106;36.814;2019-12-09T19:21:04;6.00;57.90
34508;DHT22;22037;55.106;36.814;2019-12-09T19:23:05;6.00;58.00
34508;DHT22;22037;55.106;36.814;2019-12-09T19:25:07;6.00;58.10
34508;DHT22;22037;55.106;36.814;2019-12-09T19:27:08;5.90;58.00
34508;DHT22;22037;55.106;36.814;2019-12-09T19:29:09;5.90;58.10
34508;DHT22;22037;55.106;36.814;2019-12-09T19:31:11;5.90;58.10
34508;DHT22;22037;55.106;36.814;2019-12-09T19:33:12;5.90;58.20
34508;DHT22;22037;55.106;36.814;2019-12-09T19:35:13;5.90;58.30
34508;DHT22;22037;55.106;36.814;2019-12-09T19:37:15;5.90;58.30
34508;DHT22;22037;55.106;36.814;2019-12-09T19:39:16;5.90;58.40
34508;DHT22;22037;55.106;36.814;2019-12-09T19:41:18;5.90;58.60
34508;DHT22;22037;55.106;36.814;2019-12-09T19:43:19;5.80;58.40
34508;DHT22;22037;55.106;36.814;2019-12-09T19:45:20;5.90;58.50
34508;DHT22;22037;55.106;36.814;2019-12-09T19:47:22;5.80;58.50
34508;DHT22;22037;55.106;36.814;2019-12-09T19:49:23;5.80;58.50
34508;DHT22;22037;55.106;36.814;2019-12-09T19:51:24;5.80;58.50
34508;DHT22;22037;55.106;36.814;2019-12-09T19:53:26;5.90;58.60
34508;DHT22;22037;55.106;36.814;2019-12-09T19:55:27;5.90;58.60
34508;DHT22;22037;55.106;36.814;2019-12-09T19:57:28;5.90;58.50
34508;DHT22;22037;55.106;36.814;2019-12-09T19:59:30;5.90;58.50
34508;DHT22;22037;55.106;36.814;2019-12-09T20:01:31;5.90;58.50
34508;DHT22;22037;55.106;36.814;2019-12-09T20:03:32;5.90;58.50
34508;DHT22;22037;55.106;36.814;2019-12-09T20:05:34;5.90;58.40
34508;DHT22;22037;55.106;36.814;2019-12-09T20:07:35;5.90;58.50
34508;DHT22;22037;55.106;36.814;2019-12-09T20:09:36;5.90;58.50
34508;DHT22;22037;55.106;36.814;2019-12-09T20:11:38;5.90;58.50
34508;DHT22;22037;55.106;36.814;2019-12-09T20:13:39;5.80;58.60
34508;DHT22;22037;55.106;36.814;2019-12-09T20:15:41;5.80;58.60
34508;DHT22;22037;55.106;36.814;2019-12-09T20:17:42;5.80;58.70
34508;DHT22;22037;55.106;36.814;2019-12-09T20:19:58;5.80;58.80
34508;DHT22;22037;55.106;36.814;2019-12-09T20:22:00;5.80;58.80
34508;DHT22;22037;55.106;36.814;2019-12-09T20:24:13;5.80;58.80
34508;DHT22;22037;55.106;36.814;2019-12-09T20:28:51;5.80;58.80
34508;DHT22;22037;55.106;36.814;2019-12-09T20:30:52;5.80;58.70
34508;DHT22;22037;55.106;36.814;2019-12-09T20:32:53;5.80;58.80
34508;DHT22;22037;55.106;36.814;2019-12-09T20:34:55;5.80;58.90
34508;DHT22;22037;55.106;36.814;2019-12-09T20:36:56;5.80;58.90
34508;DHT22;22037;55.106;36.814;2019-12-09T20:38:57;5.80;59.00
34508;DHT22;22037;55.106;36.814;2019-12-09T20:40:59;5.80;59.60
34508;DHT22;22037;55.106;36.814;2019-12-09T20:43:00;5.80;59.00
34508;DHT22;22037;55.106;36.814;2019-12-09T20:45:02;5.80;59.00
34508;DHT22;22037;55.106;36.814;2019-12-09T20:47:03;5.80;59.00
34508;DHT22;22037;55.106;36.814;2019-12-09T20:49:05;5.80;59.00
34508;DHT22;22037;55.106;36.814;2019-12-09T20:51:07;5.80;59.10
34508;DHT22;22037;55.106;36.814;2019-12-09T20:53:08;5.80;59.10
34508;DHT22;22037;55.106;36.814;2019-12-09T20:55:10;5.80;59.10
34508;DHT22;22037;55.106;36.814;2019-12-09T20:57:11;5.80;59.10
34508;DHT22;22037;55.106;36.814;2019-12-09T20:59:12;5.80;59.10
34508;DHT22;22037;55.106;36.814;2019-12-09T21:01:14;5.80;59.10
34508;DHT22;22037;55.106;36.814;2019-12-09T21:03:15;5.80;59.00
34508;DHT22;22037;55.106;36.814;2019-12-09T21:05:17;5.80;58.90
34508;DHT22;22037;55.106;36.814;2019-12-09T21:07:18;5.80;58.90
34508;DHT22;22037;55.106;36.814;2019-12-09T21:09:19;5.80;58.90
34508;DHT22;22037;55.106;36.814;2019-12-09T21:11:21;5.80;58.90
34508;DHT22;22037;55.106;36.814;2019-12-09T21:13:22;5.80;58.90
34508;DHT22;22037;55.106;36.814;2019-12-09T21:15:23;5.80;58.90
34508;DHT22;22037;55.106;36.814;2019-12-09T21:17:25;5.80;58.90
34508;DHT22;22037;55.106;36.814;2019-12-09T21:19:26;5.80;58.90
34508;DHT22;22037;55.106;36.814;2019-12-09T21:21:27;5.80;58.90
34508;DHT22;22037;55.106;36.814;2019-12-09T21:23:29;5.80;58.90
34508;DHT22;22037;55.106;36.814;2019-12-09T21:25:30;5.80;58.90
34508;DHT22;22037;55.106;36.814;2019-12-09T21:27:31;5.80;58.90
34508;DHT22;22037;55.106;36.814;2019-12-09T21:29:33;5.80;58.80
34508;DHT22;22037;55.106;36.814;2019-12-09T21:31:34;5.80;58.80
34508;DHT22;22037;55.106;36.814;2019-12-09T21:33:35;5.80;58.80
34508;DHT22;22037;55.106;36.814;2019-12-09T21:35:37;5.80;58.80
34508;DHT22;22037;55.106;36.814;2019-12-09T21:37:38;5.80;58.80
34508;DHT22;22037;55.106;36.814;2019-12-09T21:39:39;5.80;58.90
34508;DHT22;22037;55.106;36.814;2019-12-09T21:41:41;5.80;59.30
34508;DHT22;22037;55.106;36.814;2019-12-09T21:43:42;5.80;58.50
34508;DHT22;22037;55.106;36.814;2019-12-09T21:45:43;5.80;58.70
34508;DHT22;22037;55.106;36.814;2019-12-09T21:47:45;5.80;58.70
34508;DHT22;22037;55.106;36.814;2019-12-09T21:49:46;5.80;58.70
34508;DHT22;22037;55.106;36.814;2019-12-09T21:51:47;5.70;58.70
34508;DHT22;22037;55.106;36.814;2019-12-09T21:53:49;5.70;58.80
34508;DHT22;22037;55.106;36.814;2019-12-09T21:55:50;5.70;58.90
34508;DHT22;22037;55.106;36.814;2019-12-09T21:57:51;5.70;59.00
34508;DHT22;22037;55.106;36.814;2019-12-09T21:59:53;5.70;59.00
34508;DHT22;22037;55.106;36.814;2019-12-09T22:01:54;5.70;59.00
34508;DHT22;22037;55.106;36.814;2019-12-09T22:04:13;5.70;59.10
34508;DHT22;22037;55.106;36.814;2019-12-09T22:07:08;5.70;59.00
34508;DHT22;22037;55.106;36.814;2019-12-09T22:09:14;5.70;59.50
34508;DHT22;22037;55.106;36.814;2019-12-09T22:11:15;5.70;58.90
34508;DHT22;22037;55.106;36.814;2019-12-09T22:13:16;5.70;59.00
34508;DHT22;22037;55.106;36.814;2019-12-09T22:15:18;5.70;59.10
34508;DHT22;22037;55.106;36.814;2019-12-09T22:17:19;5.70;59.10
34508;DHT22;22037;55.106;36.814;2019-12-09T22:19:20;5.70;59.20
34508;DHT22;22037;55.106;36.814;2019-12-09T22:21:22;5.70;59.30
34508;DHT22;22037;55.106;36.814;2019-12-09T22:23:23;5.70;59.50
34508;DHT22;22037;55.106;36.814;2019-12-09T22:25:25;5.60;59.60
34508;DHT22;22037;55.106;36.814;2019-12-09T22:27:27;5.60;59.70
34508;DHT22;22037;55.106;36.814;2019-12-09T22:29:28;5.60;59.70
34508;DHT22;22037;55.106;36.814;2019-12-09T22:31:29;5.60;59.70
34508;DHT22;22037;55.106;36.814;2019-12-09T22:33:31;5.60;60.40
34508;DHT22;22037;55.106;36.814;2019-12-09T22:35:32;5.60;59.80
34508;DHT22;22037;55.106;36.814;2019-12-09T22:37:34;5.60;59.90
34508;DHT22;22037;55.106;36.814;2019-12-09T22:39:35;5.60;59.80
34508;DHT22;22037;55.106;36.814;2019-12-09T22:41:36;5.60;59.90
34508;DHT22;22037;55.106;36.814;2019-12-09T22:43:38;5.60;59.90
34508;DHT22;22037;55.106;36.814;2019-12-09T22:45:39;5.60;60.00
34508;DHT22;22037;55.106;36.814;2019-12-09T22:47:40;5.60;60.00
34508;DHT22;22037;55.106;36.814;2019-12-09T22:49:42;5.60;60.00
34508;DHT22;22037;55.106;36.814;2019-12-09T22:51:43;5.60;60.00
34508;DHT22;22037;55.106;36.814;2019-12-09T22:53:44;5.60;60.00
34508;DHT22;22037;55.106;36.814;2019-12-09T22:55:46;5.60;60.00
34508;DHT22;22037;55.106;36.814;2019-12-09T22:57:47;5.60;60.00
34508;DHT22;22037;55.106;36.814;2019-12-09T22:59:49;5.60;60.10
34508;DHT22;22037;55.106;36.814;2019-12-09T23:01:50;5.60;60.60
34508;DHT22;22037;55.106;36.814;2019-12-09T23:03:52;5.60;60.30
34508;DHT22;22037;55.106;36.814;2019-12-09T23:05:53;5.60;60.30
34508;DHT22;22037;55.106;36.814;2019-12-09T23:07:54;5.60;60.40
34508;DHT22;22037;55.106;36.814;2019-12-09T23:09:56;5.60;60.60
34508;DHT22;22037;55.106;36.814;2019-12-09T23:11:57;5.60;60.60
34508;DHT22;22037;55.106;36.814;2019-12-09T23:13:58;5.50;60.60
34508;DHT22;22037;55.106;36.814;2019-12-09T23:16:00;5.50;60.70
34508;DHT22;22037;55.106;36.814;2019-12-09T23:18:01;5.50;60.80
34508;DHT22;22037;55.106;36.814;2019-12-09T23:20:02;5.50;60.80
34508;DHT22;22037;55.106;36.814;2019-12-09T23:22:04;5.50;60.90
34508;DHT22;22037;55.106;36.814;2019-12-09T23:24:05;5.50;61.00
34508;DHT22;22037;55.106;36.814;2019-12-09T23:26:07;5.50;61.10
34508;DHT22;22037;55.106;36.814;2019-12-09T23:28:08;5.50;61.10
34508;DHT22;22037;55.106;36.814;2019-12-09T23:30:10;5.50;61.20
34508;DHT22;22037;55.106;36.814;2019-12-09T23:32:11;5.50;61.20
34508;DHT22;22037;55.106;36.814;2019-12-09T23:34:12;5.50;61.40
34508;DHT22;22037;55.106;36.814;2019-12-09T23:36:14;5.50;61.50
34508;DHT22;22037;55.106;36.814;2019-12-09T23:38:15;5.50;61.50
34508;DHT22;22037;55.106;36.814;2019-12-09T23:40:16;5.50;61.60
34508;DHT22;22037;55.106;36.814;2019-12-09T23:42:18;5.50;61.60
34508;DHT22;22037;55.106;36.814;2019-12-09T23:44:19;5.50;61.70
34508;DHT22;22037;55.106;36.814;2019-12-09T23:46:20;5.50;61.70
34508;DHT22;22037;55.106;36.814;2019-12-09T23:48:22;5.50;61.70
34508;DHT22;22037;55.106;36.814;2019-12-09T23:50:23;5.50;61.70
34508;DHT22;22037;55.106;36.814;2019-12-09T23:52:24;5.50;61.80
34508;DHT22;22037;55.106;36.814;2019-12-09T23:54:26;5.50;61.90
34508;DHT22;22037;55.106;36.814;2019-12-09T23:56:27;5.50;61.90
34508;DHT22;22037;55.106;36.814;2019-12-09T23:58:28;5.50;62.00
