sensor_id;sensor_type;location;lat;lon;timestamp;pressure;altitude;pressure_sealevel;temperature;humidity
35619;BME280;21743;55.786;37.168;2019-12-04T12:25:14;98920.47;;;23.14;25.61
35619;BME280;21743;55.786;37.168;2019-12-04T12:27:42;98916.78;;;23.15;25.52
35619;BME280;21743;55.786;37.168;2019-12-04T12:30:12;98908.84;;;22.15;24.68
35619;BME280;21743;55.786;37.168;2019-12-04T12:32:42;98912.19;;;20.37;25.62
35619;BME280;21743;55.786;37.168;2019-12-04T12:35:11;98916.47;;;20.08;26.76
35619;BME280;21743;55.786;37.168;2019-12-06T00:17:12;98791.41;;;3.33;66.17
35619;BME280;21743;55.786;37.168;2019-12-07T02:13:53;98532.84;;;2.99;62.36
35619;BME280;21743;55.786;37.168;2019-12-07T02:17:05;98537.72;;;3.02;62.19
35619;BME280;21743;55.786;37.168;2019-12-07T02:20:00;98542.88;;;3.02;62.02
35619;BME280;21743;55.786;37.168;2019-12-07T02:23:10;98537.28;;;2.97;62.18
35619;BME280;21743;55.786;37.168;2019-12-07T02:26:29;98536.59;;;2.95;62.24
35619;BME280;21743;55.786;37.168;2019-12-07T02:29:58;98526.31;;;2.95;62.26
35619;BME280;21743;55.786;37.168;2019-12-07T02:33:33;98532.91;;;2.88;62.87
35619;BME280;21743;55.786;37.168;2019-12-07T02:36:53;98536.66;;;2.83;62.78
35619;BME280;21743;55.786;37.168;2019-12-07T02:40:35;98528.00;;;2.85;63.15
35619;BME280;21743;55.786;37.168;2019-12-07T02:44:08;98526.62;;;2.80;63.04
35619;BME280;21743;55.786;37.168;2019-12-07T02:47:40;98536.31;;;2.77;63.47
35619;BME280;21743;55.786;37.168;2019-12-07T02:50:42;98535.09;;;2.71;63.89
35619;BME280;21743;55.786;37.168;2019-12-07T02:53:36;98538.59;;;2.70;64.68
35619;BME280;21743;55.786;37.168;2019-12-07T02:56:45;98550.75;;;2.68;64.83
35619;BME280;21743;55.786;37.168;2019-12-07T02:59:43;98545.72;;;2.67;64.57
35619;BME280;21743;55.786;37.168;2019-12-07T03:02:34;98545.13;;;2.63;64.81
35619;BME280;21743;55.786;37.168;2019-12-07T03:05:25;98546.78;;;2.64;65.08
35619;BME280;21743;55.786;37.168;2019-12-07T03:08:45;98548.75;;;2.61;65.75
35619;BME280;21743;55.786;37.168;2019-12-07T03:11:36;98552.59;;;2.66;65.70
35619;BME280;21743;55.786;37.168;2019-12-07T03:14:24;98549.91;;;2.68;65.30
35619;BME280;21743;55.786;37.168;2019-12-07T03:17:17;98550.38;;;2.73;65.42
35619;BME280;21743;55.786;37.168;2019-12-07T03:20:08;98556.06;;;2.76;65.86
35619;BME280;21743;55.786;37.168;2019-12-07T03:23:14;98549.78;;;2.69;65.59
35619;BME280;21743;55.786;37.168;2019-12-07T03:26:03;98557.03;;;2.64;65.96
35619;BME280;21743;55.786;37.168;2019-12-07T03:29:07;98549.34;;;2.64;66.00
35619;BME280;21743;55.786;37.168;2019-12-07T03:32:01;98555.06;;;2.68;66.00
35619;BME280;21743;55.786;37.168;2019-12-07T03:35:02;98560.19;;;2.68;66.40
35619;BME280;21743;55.786;37.168;2019-12-07T03:37:52;98557.88;;;2.65;66.36
35619;BME280;21743;55.786;37.168;2019-12-07T03:40:44;98561.50;;;2.62;66.42
35619;BME280;21743;55.786;37.168;2019-12-07T03:43:28;98554.72;;;2.61;66.87
35619;BME280;21743;55.786;37.168;2019-12-07T03:46:17;98559.72;;;2.63;66.72
35619;BME280;21743;55.786;37.168;2019-12-07T03:49:06;98560.56;;;2.63;67.24
35619;BME280;21743;55.786;37.168;2019-12-07T03:51:59;98555.66;;;2.60;67.24
35619;BME280;21743;55.786;37.168;2019-12-07T03:54:44;98558.22;;;2.60;67.46
35619;BME280;21743;55.786;37.168;2019-12-07T03:57:46;98550.97;;;2.65;67.18
35619;BME280;21743;55.786;37.168;2019-12-07T04:00:28;98553.41;;;2.67;67.38
35619;BME280;21743;55.786;37.168;2019-12-07T04:03:03;98556.81;;;2.67;67.59
35619;BME280;21743;55.786;37.168;2019-12-07T04:05:49;98571.16;;;2.70;67.38
35619;BME280;21743;55.786;37.168;2019-12-07T04:08:21;98563.47;;;2.70;67.40
35619;BME280;21743;55.786;37.168;2019-12-07T04:11:06;98562.41;;;2.72;67.36
35619;BME280;21743;55.786;37.168;2019-12-07T04:13:54;98579.69;;;2.70;67.47
35619;BME280;21743;55.786;37.168;2019-12-07T04:16:39;98585.75;;;2.69;67.40
35619;BME280;21743;55.786;37.168;2019-12-07T04:19:27;98567.78;;;2.69;67.28
35619;BME280;21743;55.786;37.168;2019-12-07T04:22:14;98575.37;;;2.71;67.35
35619;BME280;21743;55.786;37.168;2019-12-07T04:25:02;98568.47;;;2.71;67.21
35619;BME280;21743;55.786;37.168;2019-12-07T04:28:26;98572.69;;;2.72;67.17
35619;BME280;21743;55.786;37.168;2019-12-07T04:30:57;98570.22;;;2.71;67.22
35619;BME280;21743;55.786;37.168;2019-12-07T04:33:55;98570.34;;;2.69;66.94
35619;BME280;21743;55.786;37.168;2019-12-07T04:36:56;98571.53;;;2.65;66.91
35619;BME280;21743;55.786;37.168;2019-12-07T04:40:00;98564.62;;;2.66;66.89
35619;BME280;21743;55.786;37.168;2019-12-07T04:42:36;98565.81;;;2.62;66.92
35619;BME280;21743;55.786;37.168;2019-12-07T04:45:21;98564.56;;;2.56;67.09
35619;BME280;21743;55.786;37.168;2019-12-07T04:48:08;98574.13;;;2.54;67.08
35619;BME280;21743;55.786;37.168;2019-12-07T04:50:54;98567.25;;;2.55;67.03
35619;BME280;21743;55.786;37.168;2019-12-07T04:53:52;98580.66;;;2.58;67.06
35619;BME280;21743;55.786;37.168;2019-12-07T04:56:31;98572.03;;;2.59;67.21
35619;BME280;21743;55.786;37.168;2019-12-07T04:59:03;98572.16;;;2.58;67.10
35619;BME280;21743;55.786;37.168;2019-12-07T05:02:12;98569.59;;;2.58;66.92
35619;BME280;21743;55.786;37.168;2019-12-07T05:05:00;98577.97;;;2.60;66.72
35619;BME280;21743;55.786;37.168;2019-12-07T05:07:46;98569.31;;;2.61;66.68
35619;BME280;21743;55.786;37.168;2019-12-07T05:10:34;98564.62;;;2.66;66.63
35619;BME280;21743;55.786;37.168;2019-12-07T05:13:19;98571.53;;;2.65;66.65
35619;BME280;21743;55.786;37.168;2019-12-07T05:16:13;98576.66;;;2.65;66.65
35619;BME280;21743;55.786;37.168;2019-12-07T05:19:06;98573.03;;;2.68;66.47
35619;BME280;21743;55.786;37.168;2019-12-07T05:21:58;98580.75;;;2.68;66.40
35619;BME280;21743;55.786;37.168;2019-12-07T05:24:36;98585.63;;;2.71;66.48
35619;BME280;21743;55.786;37.168;2019-12-07T05:27:15;98584.72;;;2.72;66.30
35619;BME280;21743;55.786;37.168;2019-12-07T05:30:04;98580.38;;;2.72;66.44
35619;BME280;21743;55.786;37.168;2019-12-07T05:32:54;98577.69;;;2.74;66.36
35619;BME280;21743;55.786;37.168;2019-12-07T05:35:46;98586.34;;;2.73;66.27
35619;BME280;21743;55.786;37.168;2019-12-07T05:38:37;98590.09;;;2.69;66.20
35619;BME280;21743;55.786;37.168;2019-12-07T05:41:44;98587.75;;;2.66;66.33
35619;BME280;21743;55.786;37.168;2019-12-07T05:44:33;98591.87;;;2.57;67.07
35619;BME280;21743;55.786;37.168;2019-12-07T05:47:23;98593.75;;;2.55;67.23
35619;BME280;21743;55.786;37.168;2019-12-07T05:50:19;98586.16;;;2.54;67.25
35619;BME280;21743;55.786;37.168;2019-12-07T05:53:06;98586.97;;;2.54;67.88
35619;BME280;21743;55.786;37.168;2019-12-07T05:55:51;98585.34;;;2.53;67.57
35619;BME280;21743;55.786;37.168;2019-12-07T05:58:28;98587.09;;;2.53;67.73
35619;BME280;21743;55.786;37.168;2019-12-07T06:01:10;98580.91;;;2.55;67.90
35619;BME280;21743;55.786;37.168;2019-12-07T06:03:58;98586.03;;;2.55;67.93
35619;BME280;21743;55.786;37.168;2019-12-07T06:07:01;98592.47;;;2.50;67.72
35619;BME280;21743;55.786;37.168;2019-12-07T06:10:15;98588.66;;;2.44;67.84
35619;BME280;21743;55.786;37.168;2019-12-07T06:13:20;98598.09;;;2.43;68.13
35619;BME280;21743;55.786;37.168;2019-12-07T06:16:05;98598.66;;;2.47;68.14
35619;BME280;21743;55.786;37.168;2019-12-07T06:18:52;98592.34;;;2.51;67.97
35619;BME280;21743;55.786;37.168;2019-12-07T06:21:37;98598.06;;;2.55;67.94
35619;BME280;21743;55.786;37.168;2019-12-07T06:24:31;98586.75;;;2.57;68.01
35619;BME280;21743;55.786;37.168;2019-12-07T06:27:27;98592.44;;;2.61;68.16
35619;BME280;21743;55.786;37.168;2019-12-07T06:30:27;98595.38;;;2.56;67.88
35619;BME280;21743;55.786;37.168;2019-12-07T06:33:12;98596.19;;;2.57;68.07
35619;BME280;21743;55.786;37.168;2019-12-07T06:35:50;98594.69;;;2.54;67.92
35619;BME280;21743;55.786;37.168;2019-12-07T06:38:32;98592.81;;;2.56;67.84
35619;BME280;21743;55.786;37.168;2019-12-07T06:41:24;98603.22;;;2.55;67.76
35619;BME280;21743;55.786;37.168;2019-12-07T06:44:30;98597.72;;;2.59;67.75
35619;BME280;21743;55.786;37.168;2019-12-07T06:47:26;98594.19;;;2.60;67.82
35619;BME280;21743;55.786;37.168;2019-12-07T06:50:18;98598.25;;;2.63;67.87
35619;BME280;21743;55.786;37.168;2019-12-07T06:53:25;98598.53;;;2.60;67.65
35619;BME280;21743;55.786;37.168;2019-12-07T06:56:40;98599.06;;;2.63;67.51
35619;BME280;21743;55.786;37.168;2019-12-07T06:59:47;98595.81;;;2.61;67.38
35619;BME280;21743;55.786;37.168;2019-12-07T07:02:55;98596.28;;;2.66;67.12
35619;BME280;21743;55.786;37.168;2019-12-07T07:05:48;98607.38;;;2.67;67.13
35619;BME280;21743;55.786;37.168;2019-12-07T07:08:42;98598.03;;;2.66;67.24
35619;BME280;21743;55.786;37.168;2019-12-07T07:11:51;98595.47;;;2.66;66.95
35619;BME280;21743;55.786;37.168;2019-12-07T07:14:40;98592.88;;;2.66;66.81
35619;BME280;21743;55.786;37.168;2019-12-07T07:17:49;98587.28;;;2.72;66.93
35619;BME280;21743;55.786;37.168;2019-12-07T07:21:29;98590.84;;;2.80;66.73
35619;BME280;21743;55.786;37.168;2019-12-07T07:24:53;98588.03;;;2.83;66.92
35619;BME280;21743;55.786;37.168;2019-12-07T07:28:10;98588.63;;;2.87;66.65
35619;BME280;21743;55.786;37.168;2019-12-07T07:31:19;98590.50;;;2.85;66.66
35619;BME280;21743;55.786;37.168;2019-12-07T07:34:39;98597.97;;;2.88;66.64
35619;BME280;21743;55.786;37.168;2019-12-07T07:37:51;98598.13;;;2.96;66.56
35619;BME280;21743;55.786;37.168;2019-12-07T07:40:51;98597.09;;;2.99;66.35
35619;BME280;21743;55.786;37.168;2019-12-07T07:48:03;98593.22;;;3.04;66.45
35619;BME280;21743;55.786;37.168;2019-12-07T07:52:17;98600.66;;;3.07;66.16
35619;BME280;21743;55.786;37.168;2019-12-07T07:55:59;98602.03;;;3.11;66.11
35619;BME280;21743;55.786;37.168;2019-12-07T07:59:22;98601.03;;;3.03;65.96
35619;BME280;21743;55.786;37.168;2019-12-07T08:03:16;98603.16;;;2.98;66.08
35619;BME280;21743;55.786;37.168;2019-12-07T08:10:28;98605.84;;;2.96;66.22
35619;BME280;21743;55.786;37.168;2019-12-07T08:13:52;98608.41;;;2.96;66.09
35619;BME280;21743;55.786;37.168;2019-12-07T08:21:01;98608.19;;;2.99;66.60
35619;BME280;21743;55.786;37.168;2019-12-07T08:24:51;98605.53;;;3.10;66.21
35619;BME280;21743;55.786;37.168;2019-12-07T08:28:26;98595.47;;;3.18;66.23
35619;BME280;21743;55.786;37.168;2019-12-07T08:35:31;98589.19;;;3.11;66.21
35619;BME280;21743;55.786;37.168;2019-12-07T08:38:40;98585.81;;;3.11;66.45
35619;BME280;21743;55.786;37.168;2019-12-07T08:46:16;98585.50;;;3.04;66.75
35619;BME280;21743;55.786;37.168;2019-12-07T08:58:16;98591.13;;;2.98;67.36
35619;BME280;21743;55.786;37.168;2019-12-07T09:01:44;98577.69;;;2.95;67.53
35619;BME280;21743;55.786;37.168;2019-12-07T09:05:39;98577.94;;;2.92;67.60
35619;BME280;21743;55.786;37.168;2019-12-07T09:21:11;98566.72;;;2.93;67.62
35619;BME280;21743;55.786;37.168;2019-12-07T09:28:49;98565.53;;;2.97;67.94
35619;BME280;21743;55.786;37.168;2019-12-07T09:32:25;98572.19;;;2.99;67.78
35619;BME280;21743;55.786;37.168;2019-12-07T09:36:09;98559.22;;;3.01;67.79
35619;BME280;21743;55.786;37.168;2019-12-07T09:40:04;98556.22;;;2.96;67.70
35619;BME280;21743;55.786;37.168;2019-12-07T10:10:48;98534.91;;;2.84;68.88
35619;BME280;21743;55.786;37.168;2019-12-07T10:28:25;98529.25;;;2.69;69.88
35619;BME280;21743;55.786;37.168;2019-12-07T10:31:30;98525.66;;;2.61;69.76
35619;BME280;21743;55.786;37.168;2019-12-07T10:35:04;98529.31;;;2.58;70.33
35619;BME280;21743;55.786;37.168;2019-12-07T10:42:17;98530.31;;;2.67;70.39
35619;BME280;21743;55.786;37.168;2019-12-07T10:45:48;98524.59;;;2.63;70.06
35619;BME280;21743;55.786;37.168;2019-12-07T10:48:40;98524.84;;;2.60;70.27
35619;BME280;21743;55.786;37.168;2019-12-07T10:51:50;98521.97;;;2.54;70.39
35619;BME280;21743;55.786;37.168;2019-12-07T10:54:39;98527.44;;;2.49;70.41
35619;BME280;21743;55.786;37.168;2019-12-07T10:57:52;98518.94;;;2.48;70.65
35619;BME280;21743;55.786;37.168;2019-12-07T11:00:45;98515.31;;;2.51;70.81
35619;BME280;21743;55.786;37.168;2019-12-07T11:03:59;98513.31;;;2.55;70.50
35619;BME280;21743;55.786;37.168;2019-12-07T11:06:49;98516.47;;;2.58;70.40
35619;BME280;21743;55.786;37.168;2019-12-07T11:10:17;98516.19;;;2.61;70.13
35619;BME280;21743;55.786;37.168;2019-12-07T11:14:00;98508.75;;;2.58;70.09
35619;BME280;21743;55.786;37.168;2019-12-07T11:17:41;98507.00;;;2.59;70.44
35619;BME280;21743;55.786;37.168;2019-12-07T11:21:02;98504.97;;;2.62;69.87
35619;BME280;21743;55.786;37.168;2019-12-07T11:24:07;98496.22;;;2.65;69.85
35619;BME280;21743;55.786;37.168;2019-12-07T11:26:59;98497.59;;;2.69;69.71
35619;BME280;21743;55.786;37.168;2019-12-07T11:30:07;98490.72;;;2.69;69.48
35619;BME280;21743;55.786;37.168;2019-12-07T11:44:36;98480.31;;;2.71;68.67
35619;BME280;21743;55.786;37.168;2019-12-07T11:47:52;98474.13;;;2.73;68.35
35619;BME280;21743;55.786;37.168;2019-12-07T11:51:03;98470.34;;;2.77;68.07
35619;BME280;21743;55.786;37.168;2019-12-07T11:54:33;98472.53;;;2.82;68.04
35619;BME280;21743;55.786;37.168;2019-12-07T11:57:27;98472.53;;;2.82;67.85
35619;BME280;21743;55.786;37.168;2019-12-07T12:38:06;98467.88;;;2.97;65.68
35619;BME280;21743;55.786;37.168;2019-12-07T12:41:38;98458.56;;;2.96;65.17
35619;BME280;21743;55.786;37.168;2019-12-07T12:45:17;98452.59;;;2.95;65.12
35619;BME280;21743;55.786;37.168;2019-12-07T12:56:53;98467.19;;;2.95;64.89
35619;BME280;21743;55.786;37.168;2019-12-07T12:59:53;98463.81;;;2.94;64.96
35619;BME280;21743;55.786;37.168;2019-12-07T13:03:10;98464.06;;;2.91;65.06
35619;BME280;21743;55.786;37.168;2019-12-07T13:06:47;98466.38;;;2.94;64.96
35619;BME280;21743;55.786;37.168;2019-12-07T13:10:11;98468.00;;;2.95;65.12
35619;BME280;21743;55.786;37.168;2019-12-07T13:13:37;98470.03;;;2.92;65.02
35619;BME280;21743;55.786;37.168;2019-12-07T13:16:52;98461.91;;;2.87;65.07
35619;BME280;21743;55.786;37.168;2019-12-07T13:19:55;98460.84;;;2.89;65.04
35619;BME280;21743;55.786;37.168;2019-12-07T13:22:49;98461.91;;;2.87;64.89
35619;BME280;21743;55.786;37.168;2019-12-07T13:29:43;98464.72;;;2.83;64.95
35619;BME280;21743;55.786;37.168;2019-12-07T13:32:48;98461.69;;;2.78;64.73
35619;BME280;21743;55.786;37.168;2019-12-07T13:35:58;98464.13;;;2.80;64.71
35619;BME280;21743;55.786;37.168;2019-12-07T13:39:08;98453.75;;;2.81;64.67
35619;BME280;21743;55.786;37.168;2019-12-07T13:42:38;98452.72;;;2.94;64.43
35619;BME280;21743;55.786;37.168;2019-12-07T13:45:57;98452.09;;;3.01;64.37
35619;BME280;21743;55.786;37.168;2019-12-07T13:49:33;98453.72;;;3.02;63.98
35619;BME280;21743;55.786;37.168;2019-12-07T13:52:51;98450.22;;;3.03;63.77
35619;BME280;21743;55.786;37.168;2019-12-07T13:55:53;98454.78;;;3.00;63.65
35619;BME280;21743;55.786;37.168;2019-12-07T13:59:08;98460.31;;;2.95;63.89
35619;BME280;21743;55.786;37.168;2019-12-07T14:02:14;98458.81;;;2.93;63.38
35619;BME280;21743;55.786;37.168;2019-12-07T14:05:12;98461.66;;;2.90;63.50
35619;BME280;21743;55.786;37.168;2019-12-07T14:08:03;98461.91;;;2.87;63.38
35619;BME280;21743;55.786;37.168;2019-12-07T14:11:26;98462.84;;;2.86;63.66
35619;BME280;21743;55.786;37.168;2019-12-07T14:15:08;98460.38;;;2.84;63.30
35619;BME280;21743;55.786;37.168;2019-12-07T14:18:17;98460.63;;;2.81;63.09
35619;BME280;21743;55.786;37.168;2019-12-07T14:21:07;98458.19;;;2.79;63.12
35619;BME280;21743;55.786;37.168;2019-12-07T14:24:09;98448.31;;;2.75;62.93
35619;BME280;21743;55.786;37.168;2019-12-07T14:27:25;98451.94;;;2.72;62.89
35619;BME280;21743;55.786;37.168;2019-12-07T14:30:07;98448.81;;;2.69;62.88
35619;BME280;21743;55.786;37.168;2019-12-07T14:32:57;98450.00;;;2.65;62.97
35619;BME280;21743;55.786;37.168;2019-12-07T14:35:59;98442.81;;;2.59;62.47
35619;BME280;21743;55.786;37.168;2019-12-07T14:38:56;98450.62;;;2.57;62.67
35619;BME280;21743;55.786;37.168;2019-12-07T14:41:45;98434.88;;;2.51;62.59
35619;BME280;21743;55.786;37.168;2019-12-07T14:44:35;98435.25;;;2.46;62.67
35619;BME280;21743;55.786;37.168;2019-12-07T14:47:17;98445.28;;;2.49;62.68
35619;BME280;21743;55.786;37.168;2019-12-07T14:50:31;98440.16;;;2.49;62.57
35619;BME280;21743;55.786;37.168;2019-12-07T14:53:26;98438.97;;;2.53;62.26
35619;BME280;21743;55.786;37.168;2019-12-07T14:56:39;98437.34;;;2.52;61.94
35619;BME280;21743;55.786;37.168;2019-12-07T14:59:33;98431.37;;;2.52;62.09
35619;BME280;21743;55.786;37.168;2019-12-07T15:02:25;98428.81;;;2.52;62.29
35619;BME280;21743;55.786;37.168;2019-12-07T15:05:28;98429.38;;;2.55;62.24
35619;BME280;21743;55.786;37.168;2019-12-07T15:08:21;98433.84;;;2.53;61.96
35619;BME280;21743;55.786;37.168;2019-12-07T15:11:18;98422.16;;;2.49;61.91
35619;BME280;21743;55.786;37.168;2019-12-07T15:14:14;98423.50;;;2.43;61.99
35619;BME280;21743;55.786;37.168;2019-12-07T15:16:59;98427.12;;;2.41;61.85
35619;BME280;21743;55.786;37.168;2019-12-07T15:19:29;98419.91;;;2.35;62.00
35619;BME280;21743;55.786;37.168;2019-12-07T15:22:00;98416.91;;;2.30;61.93
35619;BME280;21743;55.786;37.168;2019-12-07T15:24:47;98409.06;;;2.31;62.01
35619;BME280;21743;55.786;37.168;2019-12-07T15:27:18;98407.44;;;2.30;62.01
35619;BME280;21743;55.786;37.168;2019-12-07T15:29:50;98414.59;;;2.27;61.87
35619;BME280;21743;55.786;37.168;2019-12-07T15:32:20;98408.19;;;2.21;61.78
35619;BME280;21743;55.786;37.168;2019-12-07T15:35:02;98410.59;;;2.13;61.84
35619;BME280;21743;55.786;37.168;2019-12-07T15:37:45;98405.44;;;2.13;61.72
35619;BME280;21743;55.786;37.168;2019-12-07T15:40:34;98407.19;;;2.12;61.71
35619;BME280;21743;55.786;37.168;2019-12-07T15:43:04;98398.13;;;2.08;61.51
35619;BME280;21743;55.786;37.168;2019-12-07T15:45:39;98399.16;;;2.06;61.55
35619;BME280;21743;55.786;37.168;2019-12-07T15:48:12;98391.72;;;2.03;61.47
35619;BME280;21743;55.786;37.168;2019-12-07T15:50:43;98392.66;;;2.02;61.52
35619;BME280;21743;55.786;37.168;2019-12-07T15:53:11;98397.91;;;2.00;61.48
35619;BME280;21743;55.786;37.168;2019-12-07T15:55:42;98384.41;;;1.98;61.45
35619;BME280;21743;55.786;37.168;2019-12-07T15:58:12;98388.84;;;1.96;61.21
35619;BME280;21743;55.786;37.168;2019-12-07T16:00:42;98380.44;;;1.94;61.22
35619;BME280;21743;55.786;37.168;2019-12-07T16:03:12;98375.44;;;1.93;60.98
35619;BME280;21743;55.786;37.168;2019-12-07T16:05:40;98382.19;;;1.94;61.13
35619;BME280;21743;55.786;37.168;2019-12-07T16:08:08;98387.44;;;1.92;60.98
35619;BME280;21743;55.786;37.168;2019-12-07T16:10:35;98386.19;;;1.87;60.60
35619;BME280;21743;55.786;37.168;2019-12-07T16:13:05;98380.63;;;1.82;60.60
35619;BME280;21743;55.786;37.168;2019-12-07T16:15:40;98386.09;;;1.77;60.87
35619;BME280;21743;55.786;37.168;2019-12-07T16:18:09;98384.47;;;1.76;60.83
35619;BME280;21743;55.786;37.168;2019-12-07T16:20:36;98384.34;;;1.77;60.80
35619;BME280;21743;55.786;37.168;2019-12-07T16:23:04;98377.81;;;1.73;60.66
35619;BME280;21743;55.786;37.168;2019-12-07T16:25:34;98373.50;;;1.74;60.59
35619;BME280;21743;55.786;37.168;2019-12-07T16:28:05;98371.06;;;1.72;60.52
35619;BME280;21743;55.786;37.168;2019-12-07T16:30:34;98363.75;;;1.68;60.29
35619;BME280;21743;55.786;37.168;2019-12-07T16:33:04;98365.62;;;1.66;60.45
35619;BME280;21743;55.786;37.168;2019-12-07T16:35:39;98359.69;;;1.65;60.36
35619;BME280;21743;55.786;37.168;2019-12-07T16:38:13;98360.50;;;1.66;60.36
35619;BME280;21743;55.786;37.168;2019-12-07T16:40:42;98356.31;;;1.65;60.33
35619;BME280;21743;55.786;37.168;2019-12-07T16:43:21;98362.50;;;1.62;60.24
35619;BME280;21743;55.786;37.168;2019-12-07T16:45:53;98360.63;;;1.53;60.06
35619;BME280;21743;55.786;37.168;2019-12-07T16:48:22;98363.47;;;1.50;60.04
35619;BME280;21743;55.786;37.168;2019-12-07T16:50:52;98359.63;;;1.45;59.94
35619;BME280;21743;55.786;37.168;2019-12-07T16:53:21;98351.56;;;1.38;60.18
35619;BME280;21743;55.786;37.168;2019-12-07T16:55:49;98353.34;;;1.37;59.98
35619;BME280;21743;55.786;37.168;2019-12-07T16:58:19;98348.22;;;1.37;60.02
35619;BME280;21743;55.786;37.168;2019-12-07T17:00:47;98345.66;;;1.37;60.02
35619;BME280;21743;55.786;37.168;2019-12-07T17:03:18;98338.22;;;1.34;59.96
35619;BME280;21743;55.786;37.168;2019-12-07T17:05:50;98337.41;;;1.34;60.08
35619;BME280;21743;55.786;37.168;2019-12-07T17:08:36;98336.59;;;1.33;60.17
35619;BME280;21743;55.786;37.168;2019-12-07T17:11:27;98331.34;;;1.35;60.09
35619;BME280;21743;55.786;37.168;2019-12-07T17:13:55;98331.47;;;1.33;60.07
35619;BME280;21743;55.786;37.168;2019-12-07T17:16:23;98326.56;;;1.30;59.92
35619;BME280;21743;55.786;37.168;2019-12-07T17:18:55;98335.06;;;1.31;59.99
35619;BME280;21743;55.786;37.168;2019-12-07T17:21:23;98328.44;;;1.28;59.95
35619;BME280;21743;55.786;37.168;2019-12-07T17:23:54;98324.25;;;1.27;59.95
35619;BME280;21743;55.786;37.168;2019-12-07T17:26:26;98320.75;;;1.28;59.89
35619;BME280;21743;55.786;37.168;2019-12-07T17:28:56;98318.28;;;1.27;59.91
35619;BME280;21743;55.786;37.168;2019-12-07T17:31:24;98323.66;;;1.24;59.90
35619;BME280;21743;55.786;37.168;2019-12-07T17:33:52;98319.59;;;1.21;59.89
35619;BME280;21743;55.786;37.168;2019-12-07T17:36:21;98313.78;;;1.19;59.98
35619;BME280;21743;55.786;37.168;2019-12-07T17:38:50;98317.16;;;1.20;60.10
35619;BME280;21743;55.786;37.168;2019-12-07T17:41:20;98318.09;;;1.19;60.28
35619;BME280;21743;55.786;37.168;2019-12-07T17:43:49;98315.53;;;1.19;60.32
35619;BME280;21743;55.786;37.168;2019-12-07T17:46:18;98314.72;;;1.18;60.36
35619;BME280;21743;55.786;37.168;2019-12-07T17:48:45;98313.31;;;1.14;60.08
35619;BME280;21743;55.786;37.168;2019-12-07T17:51:15;98313.31;;;1.14;60.09
35619;BME280;21743;55.786;37.168;2019-12-07T17:53:44;98307.63;;;1.11;60.13
35619;BME280;21743;55.786;37.168;2019-12-07T17:56:15;98300.50;;;1.14;60.24
35619;BME280;21743;55.786;37.168;2019-12-07T17:58:44;98297.12;;;1.14;60.13
35619;BME280;21743;55.786;37.168;2019-12-07T18:01:12;98287.69;;;1.14;60.20
35619;BME280;21743;55.786;37.168;2019-12-07T18:03:42;98279.78;;;1.17;60.02
35619;BME280;21743;55.786;37.168;2019-12-07T18:06:12;98287.47;;;1.17;60.13
35619;BME280;21743;55.786;37.168;2019-12-07T18:08:40;98283.03;;;1.19;60.10
35619;BME280;21743;55.786;37.168;2019-12-07T18:11:09;98274.88;;;1.14;60.21
35619;BME280;21743;55.786;37.168;2019-12-07T18:13:38;98281.88;;;1.12;60.15
35619;BME280;21743;55.786;37.168;2019-12-07T18:16:07;98275.25;;;1.10;60.23
35619;BME280;21743;55.786;37.168;2019-12-07T18:18:37;98270.22;;;1.08;60.45
35619;BME280;21743;55.786;37.168;2019-12-07T18:21:06;98263.47;;;1.07;60.47
35619;BME280;21743;55.786;37.168;2019-12-07T18:23:36;98273.72;;;1.07;60.41
35619;BME280;21743;55.786;37.168;2019-12-07T18:26:05;98267.66;;;1.08;60.45
35619;BME280;21743;55.786;37.168;2019-12-07T18:28:34;98266.75;;;1.09;60.33
35619;BME280;21743;55.786;37.168;2019-12-07T18:31:01;98260.81;;;1.09;60.39
35619;BME280;21743;55.786;37.168;2019-12-07T18:33:29;98260.81;;;1.09;60.34
35619;BME280;21743;55.786;37.168;2019-12-07T18:35:56;98263.25;;;1.10;60.31
35619;BME280;21743;55.786;37.168;2019-12-07T18:38:24;98256.75;;;1.06;60.15
35619;BME280;21743;55.786;37.168;2019-12-07T18:40:52;98251.06;;;1.02;60.37
35619;BME280;21743;55.786;37.168;2019-12-07T18:43:21;98248.59;;;1.01;60.35
35619;BME280;21743;55.786;37.168;2019-12-07T18:45:49;98250.13;;;1.03;60.30
35619;BME280;21743;55.786;37.168;2019-12-07T18:48:25;98250.94;;;1.04;60.22
35619;BME280;21743;55.786;37.168;2019-12-07T18:51:10;98254.53;;;1.01;60.32
35619;BME280;21743;55.786;37.168;2019-12-07T18:53:43;98252.91;;;1.00;60.35
35619;BME280;21743;55.786;37.168;2019-12-07T18:56:10;98252.81;;;1.02;60.47
35619;BME280;21743;55.786;37.168;2019-12-07T18:58:39;98247.44;;;1.05;60.46
35619;BME280;21743;55.786;37.168;2019-12-07T19:01:08;98244.88;;;1.05;60.43
35619;BME280;21743;55.786;37.168;2019-12-07T19:03:38;98250.25;;;1.02;60.43
35619;BME280;21743;55.786;37.168;2019-12-07T19:06:07;98242.56;;;1.02;60.38
35619;BME280;21743;55.786;37.168;2019-12-07T19:08:35;98234.75;;;1.03;60.35
35619;BME280;21743;55.786;37.168;2019-12-07T19:11:04;98241.63;;;1.03;60.28
35619;BME280;21743;55.786;37.168;2019-12-07T19:13:33;98236.38;;;1.04;60.23
35619;BME280;21743;55.786;37.168;2019-12-07T19:16:01;98229.41;;;1.07;60.28
35619;BME280;21743;55.786;37.168;2019-12-07T19:18:29;98226.81;;;1.07;60.34
35619;BME280;21743;55.786;37.168;2019-12-07T19:20:57;98230.31;;;1.05;60.32
35619;BME280;21743;55.786;37.168;2019-12-07T19:23:28;98220.88;;;1.06;60.36
35619;BME280;21743;55.786;37.168;2019-12-07T19:25:55;98224.28;;;1.07;60.34
35619;BME280;21743;55.786;37.168;2019-12-07T19:28:24;98224.13;;;1.08;60.31
35619;BME280;21743;55.786;37.168;2019-12-07T19:30:51;98221.44;;;1.10;60.28
35619;BME280;21743;55.786;37.168;2019-12-07T19:33:19;98208.75;;;1.08;60.34
35619;BME280;21743;55.786;37.168;2019-12-07T19:35:48;98208.41;;;1.13;60.25
35619;BME280;21743;55.786;37.168;2019-12-07T19:38:17;98213.50;;;1.13;60.16
35619;BME280;21743;55.786;37.168;2019-12-07T19:40:47;98199.88;;;1.12;60.34
35619;BME280;21743;55.786;37.168;2019-12-07T19:43:14;98203.16;;;1.14;60.39
35619;BME280;21743;55.786;37.168;2019-12-07T19:45:44;98200.81;;;1.11;60.42
35619;BME280;21743;55.786;37.168;2019-12-07T19:48:12;98198.25;;;1.11;60.36
35619;BME280;21743;55.786;37.168;2019-12-07T19:50:40;98195.00;;;1.09;60.47
35619;BME280;21743;55.786;37.168;2019-12-07T19:53:08;98193.38;;;1.08;60.51
35619;BME280;21743;55.786;37.168;2019-12-07T19:55:35;98192.56;;;1.08;60.39
35619;BME280;21743;55.786;37.168;2019-12-07T19:58:04;98190.69;;;1.10;60.48
35619;BME280;21743;55.786;37.168;2019-12-07T20:00:35;98183.72;;;1.12;60.44
35619;BME280;21743;55.786;37.168;2019-12-07T20:03:03;98178.59;;;1.12;60.42
35619;BME280;21743;55.786;37.168;2019-12-07T20:05:30;98173.34;;;1.13;60.38
35619;BME280;21743;55.786;37.168;2019-12-07T20:07:59;98172.66;;;1.11;60.32
35619;BME280;21743;55.786;37.168;2019-12-07T20:10:49;98175.91;;;1.13;60.43
35619;BME280;21743;55.786;37.168;2019-12-07T20:13:34;98173.22;;;1.15;60.41
35619;BME280;21743;55.786;37.168;2019-12-07T20:16:30;98179.97;;;1.16;60.30
35619;BME280;21743;55.786;37.168;2019-12-07T20:19:09;98184.41;;;1.14;60.31
35619;BME280;21743;55.786;37.168;2019-12-07T20:21:37;98182.66;;;1.14;60.45
35619;BME280;21743;55.786;37.168;2019-12-07T20:24:07;98182.66;;;1.14;60.51
35619;BME280;21743;55.786;37.168;2019-12-07T20:26:34;98189.97;;;1.19;60.35
35619;BME280;21743;55.786;37.168;2019-12-07T20:29:02;98178.69;;;1.21;60.35
35619;BME280;21743;55.786;37.168;2019-12-07T20:31:31;98179.09;;;1.26;60.32
35619;BME280;21743;55.786;37.168;2019-12-07T20:33:59;98174.78;;;1.27;60.27
35619;BME280;21743;55.786;37.168;2019-12-07T20:36:27;98171.66;;;1.23;60.19
35619;BME280;21743;55.786;37.168;2019-12-07T20:38:54;98170.84;;;1.23;60.17
35619;BME280;21743;55.786;37.168;2019-12-07T20:41:22;98168.44;;;1.21;60.13
35619;BME280;21743;55.786;37.168;2019-12-07T20:43:49;98176.94;;;1.22;60.12
35619;BME280;21743;55.786;37.168;2019-12-07T20:46:34;98177.72;;;1.22;60.19
35619;BME280;21743;55.786;37.168;2019-12-07T20:49:19;98183.09;;;1.19;60.24
35619;BME280;21743;55.786;37.168;2019-12-07T20:51:47;98177.16;;;1.19;60.13
35619;BME280;21743;55.786;37.168;2019-12-07T20:54:15;98179.03;;;1.17;60.14
35619;BME280;21743;55.786;37.168;2019-12-07T20:56:44;98184.16;;;1.17;60.15
35619;BME280;21743;55.786;37.168;2019-12-07T20:59:12;98186.03;;;1.15;60.27
35619;BME280;21743;55.786;37.168;2019-12-07T21:01:40;98180.91;;;1.15;60.24
35619;BME280;21743;55.786;37.168;2019-12-07T21:04:13;98180.22;;;1.13;60.34
35619;BME280;21743;55.786;37.168;2019-12-07T21:06:43;98185.44;;;1.11;60.32
35619;BME280;21743;55.786;37.168;2019-12-07T21:09:14;98182.31;;;1.08;60.34
35619;BME280;21743;55.786;37.168;2019-12-07T21:11:48;98182.59;;;1.04;60.46
35619;BME280;21743;55.786;37.168;2019-12-07T21:14:20;98179.31;;;1.02;60.35
35619;BME280;21743;55.786;37.168;2019-12-07T21:16:50;98168.25;;;1.02;60.34
35619;BME280;21743;55.786;37.168;2019-12-07T21:19:18;98166.53;;;1.02;60.42
35619;BME280;21743;55.786;37.168;2019-12-07T21:21:45;98161.28;;;1.04;60.57
35619;BME280;21743;55.786;37.168;2019-12-07T21:24:14;98164.66;;;1.04;60.52
35619;BME280;21743;55.786;37.168;2019-12-07T21:26:42;98167.22;;;1.04;60.59
35619;BME280;21743;55.786;37.168;2019-12-07T21:29:09;98146.72;;;1.04;60.42
35619;BME280;21743;55.786;37.168;2019-12-07T21:31:38;98137.16;;;1.07;60.45
35619;BME280;21743;55.786;37.168;2019-12-07T21:34:07;98141.47;;;1.06;60.45
35619;BME280;21743;55.786;37.168;2019-12-07T21:36:42;98134.03;;;1.03;60.45
35619;BME280;21743;55.786;37.168;2019-12-07T21:39:12;98134.28;;;1.00;60.37
35619;BME280;21743;55.786;37.168;2019-12-07T21:41:40;98131.84;;;0.98;60.41
35619;BME280;21743;55.786;37.168;2019-12-07T21:44:09;98125.06;;;0.97;60.54
35619;BME280;21743;55.786;37.168;2019-12-07T21:46:37;98127.41;;;1.00;60.50
35619;BME280;21743;55.786;37.168;2019-12-07T21:49:08;98119.16;;;0.97;60.54
35619;BME280;21743;55.786;37.168;2019-12-07T21:51:36;98124.97;;;0.99;60.67
35619;BME280;21743;55.786;37.168;2019-12-07T21:54:05;98113.78;;;1.00;60.71
35619;BME280;21743;55.786;37.168;2019-12-07T21:56:37;98114.59;;;1.00;60.61
35619;BME280;21743;55.786;37.168;2019-12-07T21:59:05;98113.09;;;0.98;60.73
35619;BME280;21743;55.786;37.168;2019-12-07T22:01:34;98108.78;;;0.98;60.84
35619;BME280;21743;55.786;37.168;2019-12-07T22:04:02;98101.91;;;0.99;60.72
35619;BME280;21743;55.786;37.168;2019-12-07T22:06:30;98097.59;;;0.99;60.82
35619;BME280;21743;55.786;37.168;2019-12-07T22:08:59;98096.91;;;0.97;60.86
35619;BME280;21743;55.786;37.168;2019-12-07T22:11:30;98100.66;;;0.93;60.87
35619;BME280;21743;55.786;37.168;2019-12-07T22:14:02;98101.03;;;0.89;60.90
35619;BME280;21743;55.786;37.168;2019-12-07T22:16:30;98104.41;;;0.89;61.03
35619;BME280;21743;55.786;37.168;2019-12-07T22:18:59;98084.03;;;0.88;60.97
35619;BME280;21743;55.786;37.168;2019-12-07T22:21:27;98087.53;;;0.87;61.05
35619;BME280;21743;55.786;37.168;2019-12-07T22:23:56;98087.41;;;0.88;61.05
35619;BME280;21743;55.786;37.168;2019-12-07T22:26:25;98092.66;;;0.87;61.12
35619;BME280;21743;55.786;37.168;2019-12-07T22:28:53;98093.72;;;0.84;61.11
35619;BME280;21743;55.786;37.168;2019-12-07T22:31:24;98093.84;;;0.83;61.24
35619;BME280;21743;55.786;37.168;2019-12-07T22:34:10;98085.47;;;0.81;61.37
35619;BME280;21743;55.786;37.168;2019-12-07T22:36:46;98088.94;;;0.80;61.36
35619;BME280;21743;55.786;37.168;2019-12-07T22:39:19;98074.53;;;0.79;61.34
35619;BME280;21743;55.786;37.168;2019-12-07T22:41:49;98084.22;;;0.75;61.39
35619;BME280;21743;55.786;37.168;2019-12-07T22:44:21;98093.88;;;0.72;61.55
35619;BME280;21743;55.786;37.168;2019-12-07T22:46:51;98080.63;;;0.66;61.64
35619;BME280;21743;55.786;37.168;2019-12-07T22:49:20;98073.06;;;0.65;61.78
35619;BME280;21743;55.786;37.168;2019-12-07T22:51:53;98070.63;;;0.63;61.85
35619;BME280;21743;55.786;37.168;2019-12-07T22:54:23;98056.06;;;0.64;61.89
35619;BME280;21743;55.786;37.168;2019-12-07T22:56:53;98061.09;;;0.65;61.69
35619;BME280;21743;55.786;37.168;2019-12-07T22:59:22;98046.66;;;0.64;61.73
35619;BME280;21743;55.786;37.168;2019-12-07T23:01:52;98047.59;;;0.63;61.78
35619;BME280;21743;55.786;37.168;2019-12-07T23:04:23;98061.31;;;0.62;61.83
35619;BME280;21743;55.786;37.168;2019-12-07T23:06:54;98062.94;;;0.63;61.92
35619;BME280;21743;55.786;37.168;2019-12-07T23:09:24;98062.12;;;0.63;61.89
35619;BME280;21743;55.786;37.168;2019-12-07T23:11:54;98057.94;;;0.62;61.88
35619;BME280;21743;55.786;37.168;2019-12-07T23:14:24;98060.66;;;0.60;62.03
35619;BME280;21743;55.786;37.168;2019-12-07T23:16:53;98060.09;;;0.57;62.04
35619;BME280;21743;55.786;37.168;2019-12-07T23:19:25;98052.97;;;0.60;62.06
35619;BME280;21743;55.786;37.168;2019-12-07T23:21:57;98051.22;;;0.61;62.01
35619;BME280;21743;55.786;37.168;2019-12-07T23:24:25;98043.41;;;0.62;61.97
35619;BME280;21743;55.786;37.168;2019-12-07T23:26:54;98051.06;;;0.62;62.08
35619;BME280;21743;55.786;37.168;2019-12-07T23:29:22;98049.59;;;0.60;62.20
35619;BME280;21743;55.786;37.168;2019-12-07T23:31:52;98058.91;;;0.61;62.20
35619;BME280;21743;55.786;37.168;2019-12-07T23:34:24;98067.38;;;0.61;62.18
35619;BME280;21743;55.786;37.168;2019-12-07T23:36:56;98049.34;;;0.63;62.18
35619;BME280;21743;55.786;37.168;2019-12-07T23:39:26;98050.25;;;0.62;62.16
35619;BME280;21743;55.786;37.168;2019-12-07T23:41:54;98045.03;;;0.63;62.15
35619;BME280;21743;55.786;37.168;2019-12-07T23:44:22;98050.84;;;0.65;62.12
35619;BME280;21743;55.786;37.168;2019-12-07T23:46:52;98045.47;;;0.68;62.10
35619;BME280;21743;55.786;37.168;2019-12-07T23:49:24;98045.13;;;0.73;62.07
35619;BME280;21743;55.786;37.168;2019-12-07T23:51:56;98059.44;;;0.76;62.02
35619;BME280;21743;55.786;37.168;2019-12-07T23:54:25;98052.28;;;0.79;62.01
35619;BME280;21743;55.786;37.168;2019-12-07T23:56:58;98047.75;;;0.83;61.95
35619;BME280;21743;55.786;37.168;2019-12-07T23:59:28;98033.75;;;0.87;61.90
35619;BME280;21743;55.786;37.168;2019-12-08T00:01:56;98025.84;;;0.90;61.93
35619;BME280;21743;55.786;37.168;2019-12-08T00:04:25;98029.88;;;0.92;61.97
35619;BME280;21743;55.786;37.168;2019-12-08T00:06:52;98025.56;;;0.93;61.99
35619;BME280;21743;55.786;37.168;2019-12-08T00:12:43;98038.00;;;1.12;61.72
35619;BME280;21743;55.786;37.168;2019-12-08T00:15:15;98037.00;;;1.02;61.74
35619;BME280;21743;55.786;37.168;2019-12-08T00:17:47;98029.00;;;1.01;61.74
35619;BME280;21743;55.786;37.168;2019-12-08T00:21:25;98020.00;;;1.01;61.85
35619;BME280;21743;55.786;37.168;2019-12-08T00:25:16;98026.00;;;1.04;61.84
35619;BME280;21743;55.786;37.168;2019-12-08T00:27:45;98020.00;;;1.11;61.75
35619;BME280;21743;55.786;37.168;2019-12-08T00:30:16;98012.00;;;1.07;61.76
35619;BME280;21743;55.786;37.168;2019-12-08T00:32:50;98005.00;;;1.08;61.87
35619;BME280;21743;55.786;37.168;2019-12-08T00:35:18;98017.00;;;1.03;62.15
35619;BME280;21743;55.786;37.168;2019-12-08T00:37:48;98019.00;;;1.03;62.13
35619;BME280;21743;55.786;37.168;2019-12-08T00:40:16;98011.00;;;1.07;62.22
35619;BME280;21743;55.786;37.168;2019-12-08T00:42:59;98001.00;;;1.08;62.21
35619;BME280;21743;55.786;37.168;2019-12-08T00:45:29;98019.00;;;1.10;62.16
35619;BME280;21743;55.786;37.168;2019-12-08T00:47:58;98005.00;;;1.14;62.00
35619;BME280;21743;55.786;37.168;2019-12-08T00:50:28;98009.00;;;1.15;62.05
35619;BME280;21743;55.786;37.168;2019-12-08T00:52:56;98002.00;;;1.11;62.18
35619;BME280;21743;55.786;37.168;2019-12-08T00:55:27;98001.00;;;1.10;62.43
35619;BME280;21743;55.786;37.168;2019-12-08T00:57:56;98003.00;;;1.13;62.61
35619;BME280;21743;55.786;37.168;2019-12-08T01:00:24;98002.00;;;1.14;62.71
35619;BME280;21743;55.786;37.168;2019-12-08T01:03:00;98015.00;;;1.15;62.76
35619;BME280;21743;55.786;37.168;2019-12-08T01:05:36;98019.00;;;1.16;62.80
35619;BME280;21743;55.786;37.168;2019-12-08T01:08:06;98023.00;;;1.19;62.85
35619;BME280;21743;55.786;37.168;2019-12-08T01:10:37;98015.00;;;1.22;62.82
35619;BME280;21743;55.786;37.168;2019-12-08T01:13:21;98010.00;;;1.22;62.83
35619;BME280;21743;55.786;37.168;2019-12-08T01:15:52;98005.00;;;1.22;62.77
35619;BME280;21743;55.786;37.168;2019-12-08T01:19:55;98021.00;;;1.24;62.86
35619;BME280;21743;55.786;37.168;2019-12-08T01:22:44;97993.00;;;1.29;62.77
35619;BME280;21743;55.786;37.168;2019-12-08T01:25:26;97996.00;;;1.26;62.71
35619;BME280;21743;55.786;37.168;2019-12-08T01:27:55;97989.00;;;1.25;62.82
35619;BME280;21743;55.786;37.168;2019-12-08T01:30:23;98005.00;;;1.27;62.95
35619;BME280;21743;55.786;37.168;2019-12-08T01:32:52;98009.00;;;1.27;63.07
35619;BME280;21743;55.786;37.168;2019-12-08T01:35:24;98007.00;;;1.30;62.99
35619;BME280;21743;55.786;37.168;2019-12-08T01:37:52;98009.00;;;1.31;63.01
35619;BME280;21743;55.786;37.168;2019-12-08T01:40:21;98012.00;;;1.31;63.21
35619;BME280;21743;55.786;37.168;2019-12-08T01:42:50;98002.00;;;1.29;63.20
35619;BME280;21743;55.786;37.168;2019-12-08T01:45:19;98005.00;;;1.28;63.29
35619;BME280;21743;55.786;37.168;2019-12-08T01:47:48;98010.00;;;1.33;63.27
35619;BME280;21743;55.786;37.168;2019-12-08T01:50:17;98016.00;;;1.37;63.32
35619;BME280;21743;55.786;37.168;2019-12-08T01:52:47;98021.00;;;1.37;63.40
35619;BME280;21743;55.786;37.168;2019-12-08T01:55:18;98010.00;;;1.33;63.49
35619;BME280;21743;55.786;37.168;2019-12-08T01:57:49;98012.00;;;1.36;63.46
35619;BME280;21743;55.786;37.168;2019-12-08T02:00:17;98012.00;;;1.34;63.54
35619;BME280;21743;55.786;37.168;2019-12-08T02:02:48;98018.00;;;1.36;63.63
35619;BME280;21743;55.786;37.168;2019-12-08T02:05:27;98007.00;;;1.39;63.64
35619;BME280;21743;55.786;37.168;2019-12-08T02:08:03;98018.00;;;1.41;63.61
35619;BME280;21743;55.786;37.168;2019-12-08T02:10:33;98008.00;;;1.41;63.72
35619;BME280;21743;55.786;37.168;2019-12-08T02:13:02;98010.00;;;1.43;63.77
35619;BME280;21743;55.786;37.168;2019-12-08T02:15:30;98018.00;;;1.45;63.91
35619;BME280;21743;55.786;37.168;2019-12-08T02:18:03;98014.00;;;1.44;63.97
35619;BME280;21743;55.786;37.168;2019-12-08T02:20:31;98011.00;;;1.47;63.96
35619;BME280;21743;55.786;37.168;2019-12-08T02:23:01;98014.00;;;1.50;64.07
35619;BME280;21743;55.786;37.168;2019-12-08T02:25:29;98008.00;;;1.51;64.10
35619;BME280;21743;55.786;37.168;2019-12-08T02:28:08;98008.00;;;1.54;64.08
35619;BME280;21743;55.786;37.168;2019-12-08T02:30:39;98011.00;;;1.54;64.03
35619;BME280;21743;55.786;37.168;2019-12-08T02:33:10;98015.00;;;1.55;64.08
35619;BME280;21743;55.786;37.168;2019-12-08T02:35:40;98004.00;;;1.55;64.07
35619;BME280;21743;55.786;37.168;2019-12-08T02:38:09;98005.00;;;1.57;64.19
35619;BME280;21743;55.786;37.168;2019-12-08T02:40:37;98006.00;;;1.59;64.20
35619;BME280;21743;55.786;37.168;2019-12-08T02:43:07;98006.00;;;1.61;64.27
35619;BME280;21743;55.786;37.168;2019-12-08T02:45:37;97997.00;;;1.63;64.35
35619;BME280;21743;55.786;37.168;2019-12-08T02:48:06;98005.00;;;1.64;64.30
35619;BME280;21743;55.786;37.168;2019-12-08T02:50:48;98016.00;;;1.67;64.35
35619;BME280;21743;55.786;37.168;2019-12-08T02:55:08;98009.00;;;1.68;64.33
35619;BME280;21743;55.786;37.168;2019-12-08T02:57:38;98008.00;;;1.69;64.16
35619;BME280;21743;55.786;37.168;2019-12-08T03:00:08;98002.00;;;1.70;64.29
35619;BME280;21743;55.786;37.168;2019-12-08T03:02:37;97999.00;;;1.66;64.42
35619;BME280;21743;55.786;37.168;2019-12-08T03:05:08;97999.00;;;1.65;64.54
35619;BME280;21743;55.786;37.168;2019-12-08T03:07:46;98000.00;;;1.62;64.67
35619;BME280;21743;55.786;37.168;2019-12-08T03:10:24;97984.00;;;1.60;64.71
35619;BME280;21743;55.786;37.168;2019-12-08T03:12:53;97994.00;;;1.60;64.82
35619;BME280;21743;55.786;37.168;2019-12-08T03:15:23;97987.00;;;1.55;64.90
35619;BME280;21743;55.786;37.168;2019-12-08T03:17:51;98003.00;;;1.59;64.98
35619;BME280;21743;55.786;37.168;2019-12-08T03:20:24;98002.00;;;1.58;65.04
35619;BME280;21743;55.786;37.168;2019-12-08T03:22:55;98007.00;;;1.57;65.04
35619;BME280;21743;55.786;37.168;2019-12-08T03:25:23;98006.00;;;1.61;65.17
35619;BME280;21743;55.786;37.168;2019-12-08T03:27:52;97999.00;;;1.63;65.14
35619;BME280;21743;55.786;37.168;2019-12-08T03:30:23;97999.00;;;1.65;65.15
35619;BME280;21743;55.786;37.168;2019-12-08T03:32:52;98012.00;;;1.63;65.25
35619;BME280;21743;55.786;37.168;2019-12-08T03:35:21;98000.00;;;1.60;65.11
35619;BME280;21743;55.786;37.168;2019-12-08T03:37:50;97996.00;;;1.64;65.02
35619;BME280;21743;55.786;37.168;2019-12-08T03:40:21;97992.00;;;1.68;65.12
35619;BME280;21743;55.786;37.168;2019-12-08T03:42:52;97989.00;;;1.71;65.14
35619;BME280;21743;55.786;37.168;2019-12-08T03:45:31;97992.00;;;1.73;65.17
35619;BME280;21743;55.786;37.168;2019-12-08T03:48:05;97986.00;;;1.74;65.31
35619;BME280;21743;55.786;37.168;2019-12-08T03:50:45;97980.00;;;1.72;65.41
35619;BME280;21743;55.786;37.168;2019-12-08T03:53:17;97989.00;;;1.69;65.31
35619;BME280;21743;55.786;37.168;2019-12-08T03:55:47;97995.00;;;1.73;65.37
35619;BME280;21743;55.786;37.168;2019-12-08T03:58:40;97994.00;;;1.74;65.45
35619;BME280;21743;55.786;37.168;2019-12-08T04:01:20;97996.00;;;1.75;65.46
35619;BME280;21743;55.786;37.168;2019-12-08T04:04:09;97998.00;;;1.79;65.51
35619;BME280;21743;55.786;37.168;2019-12-08T04:06:40;98004.00;;;1.78;65.46
35619;BME280;21743;55.786;37.168;2019-12-08T04:09:09;98010.00;;;1.76;65.59
35619;BME280;21743;55.786;37.168;2019-12-08T04:11:40;98004.00;;;1.76;65.64
35619;BME280;21743;55.786;37.168;2019-12-08T04:14:08;97999.00;;;1.78;65.75
35619;BME280;21743;55.786;37.168;2019-12-08T04:16:42;98011.00;;;1.79;65.87
35619;BME280;21743;55.786;37.168;2019-12-08T04:19:09;98011.00;;;1.82;65.81
35619;BME280;21743;55.786;37.168;2019-12-08T04:21:37;98016.00;;;1.83;65.84
35619;BME280;21743;55.786;37.168;2019-12-08T04:24:06;98016.00;;;1.82;65.93
35619;BME280;21743;55.786;37.168;2019-12-08T04:26:37;98014.00;;;1.77;66.10
35619;BME280;21743;55.786;37.168;2019-12-08T04:29:11;98006.00;;;1.79;66.19
35619;BME280;21743;55.786;37.168;2019-12-08T04:31:44;98006.00;;;1.82;66.23
35619;BME280;21743;55.786;37.168;2019-12-08T04:34:21;98010.00;;;1.84;66.23
35619;BME280;21743;55.786;37.168;2019-12-08T04:36:56;98015.00;;;1.87;66.26
35619;BME280;21743;55.786;37.168;2019-12-08T04:39:27;98009.00;;;1.87;66.33
35619;BME280;21743;55.786;37.168;2019-12-08T04:42:02;98015.00;;;1.88;66.28
35619;BME280;21743;55.786;37.168;2019-12-08T04:44:38;98009.00;;;1.90;66.34
35619;BME280;21743;55.786;37.168;2019-12-08T04:47:06;98003.00;;;1.91;66.29
35619;BME280;21743;55.786;37.168;2019-12-08T04:49:35;98016.00;;;1.94;66.29
35619;BME280;21743;55.786;37.168;2019-12-08T04:52:04;98017.00;;;1.92;66.40
35619;BME280;21743;55.786;37.168;2019-12-08T04:54:36;98006.00;;;1.91;66.50
35619;BME280;21743;55.786;37.168;2019-12-08T04:57:07;98009.00;;;1.93;66.63
35619;BME280;21743;55.786;37.168;2019-12-08T04:59:45;98012.00;;;1.95;66.62
35619;BME280;21743;55.786;37.168;2019-12-08T05:02:19;98013.00;;;1.97;66.63
35619;BME280;21743;55.786;37.168;2019-12-08T05:04:51;98025.00;;;1.97;66.73
35619;BME280;21743;55.786;37.168;2019-12-08T05:07:27;98015.00;;;1.97;66.77
35619;BME280;21743;55.786;37.168;2019-12-08T05:09:57;98017.00;;;2.00;66.86
35619;BME280;21743;55.786;37.168;2019-12-08T05:12:29;98014.00;;;1.98;66.79
35619;BME280;21743;55.786;37.168;2019-12-08T05:15:07;98014.00;;;1.96;66.88
35619;BME280;21743;55.786;37.168;2019-12-08T05:17:50;98016.00;;;1.96;66.95
35619;BME280;21743;55.786;37.168;2019-12-08T05:20:21;98023.00;;;1.97;66.93
35619;BME280;21743;55.786;37.168;2019-12-08T05:22:56;98031.00;;;1.97;66.98
35619;BME280;21743;55.786;37.168;2019-12-08T05:25:31;98033.00;;;1.97;67.08
35619;BME280;21743;55.786;37.168;2019-12-08T05:28:22;98028.00;;;1.97;67.15
35619;BME280;21743;55.786;37.168;2019-12-08T05:31:17;98026.00;;;1.99;67.08
35619;BME280;21743;55.786;37.168;2019-12-08T05:33:52;98026.00;;;2.01;67.08
35619;BME280;21743;55.786;37.168;2019-12-08T05:39:13;98024.00;;;2.04;67.04
35619;BME280;21743;55.786;37.168;2019-12-08T05:41:46;98028.00;;;2.05;67.11
35619;BME280;21743;55.786;37.168;2019-12-08T05:44:19;98028.00;;;2.05;67.20
35619;BME280;21743;55.786;37.168;2019-12-08T05:46:49;98030.00;;;2.08;67.22
35619;BME280;21743;55.786;37.168;2019-12-08T05:49:29;98035.00;;;2.08;67.20
35619;BME280;21743;55.786;37.168;2019-12-08T05:52:01;98036.00;;;2.10;67.19
35619;BME280;21743;55.786;37.168;2019-12-08T05:54:35;98040.00;;;2.14;67.22
35619;BME280;21743;55.786;37.168;2019-12-08T05:57:21;98038.00;;;2.16;67.22
35619;BME280;21743;55.786;37.168;2019-12-08T05:59:53;98047.00;;;2.19;67.41
35619;BME280;21743;55.786;37.168;2019-12-08T06:02:26;98049.00;;;2.20;67.22
35619;BME280;21743;55.786;37.168;2019-12-08T06:05:12;98038.00;;;2.18;67.25
35619;BME280;21743;55.786;37.168;2019-12-08T06:07:46;98048.00;;;2.19;67.36
35619;BME280;21743;55.786;37.168;2019-12-08T06:10:20;98053.00;;;2.19;67.56
35619;BME280;21743;55.786;37.168;2019-12-08T06:12:51;98058.00;;;2.21;67.38
35619;BME280;21743;55.786;37.168;2019-12-08T06:15:27;98055.00;;;2.22;67.39
35619;BME280;21743;55.786;37.168;2019-12-08T06:18:09;98062.00;;;2.27;67.40
35619;BME280;21743;55.786;37.168;2019-12-08T06:20:52;98060.00;;;2.28;67.43
35619;BME280;21743;55.786;37.168;2019-12-08T06:23:21;98063.00;;;2.32;67.41
35619;BME280;21743;55.786;37.168;2019-12-08T06:25:54;98068.00;;;2.33;67.44
35619;BME280;21743;55.786;37.168;2019-12-08T06:28:32;98063.00;;;2.35;67.46
35619;BME280;21743;55.786;37.168;2019-12-08T06:31:16;98070.00;;;2.39;67.41
35619;BME280;21743;55.786;37.168;2019-12-08T06:34:09;98072.00;;;2.39;67.43
35619;BME280;21743;55.786;37.168;2019-12-08T06:37:13;98071.00;;;2.38;67.42
35619;BME280;21743;55.786;37.168;2019-12-08T06:39:51;98067.00;;;2.37;67.52
35619;BME280;21743;55.786;37.168;2019-12-08T06:42:27;98064.00;;;2.40;67.52
35619;BME280;21743;55.786;37.168;2019-12-08T06:45:03;98062.00;;;2.42;67.48
35619;BME280;21743;55.786;37.168;2019-12-08T06:47:38;98074.00;;;2.46;67.49
35619;BME280;21743;55.786;37.168;2019-12-08T06:50:12;98066.00;;;2.48;67.55
35619;BME280;21743;55.786;37.168;2019-12-08T06:56:58;98069.00;;;2.48;67.61
35619;BME280;21743;55.786;37.168;2019-12-08T07:00:37;98073.00;;;2.51;67.50
35619;BME280;21743;55.786;37.168;2019-12-08T07:03:18;98072.00;;;2.52;67.51
35619;BME280;21743;55.786;37.168;2019-12-08T07:06:13;98081.00;;;2.53;67.66
35619;BME280;21743;55.786;37.168;2019-12-08T07:09:04;98079.00;;;2.52;67.71
35619;BME280;21743;55.786;37.168;2019-12-08T07:12:17;98079.00;;;2.55;67.80
35619;BME280;21743;55.786;37.168;2019-12-08T07:15:08;98075.00;;;2.56;67.73
35619;BME280;21743;55.786;37.168;2019-12-08T07:18:36;98086.00;;;2.58;67.61
35619;BME280;21743;55.786;37.168;2019-12-08T07:23:09;98085.00;;;2.60;67.76
35619;BME280;21743;55.786;37.168;2019-12-08T07:26:10;98096.00;;;2.64;67.76
35619;BME280;21743;55.786;37.168;2019-12-08T07:30:08;98084.00;;;2.61;67.52
35619;BME280;21743;55.786;37.168;2019-12-08T07:33:08;98091.00;;;2.64;67.80
35619;BME280;21743;55.786;37.168;2019-12-08T07:36:03;98105.00;;;2.63;67.90
35619;BME280;21743;55.786;37.168;2019-12-08T07:42:40;98108.00;;;2.68;67.71
35619;BME280;21743;55.786;37.168;2019-12-09T11:27:30;98314.00;;;6.08;64.09
