sensor_id;sensor_type;location;lat;lon;timestamp;P1;durP1;ratioP1;P2;durP2;ratioP2
35693;SDS011;21812;55.536;37.664;2019-12-05T13:42:39;4.22;;;2.22;;
35693;SDS011;21812;55.536;37.664;2019-12-05T13:45:06;3.67;;;2.30;;
35693;SDS011;21812;55.536;37.664;2019-12-05T13:47:37;4.35;;;1.95;;
35693;SDS011;21812;55.536;37.664;2019-12-05T13:50:07;3.92;;;2.03;;
35693;SDS011;21812;55.536;37.664;2019-12-05T13:52:37;5.22;;;2.42;;
35693;SDS011;21812;55.536;37.664;2019-12-08T11:54:06;22.17;;;11.65;;
35693;SDS011;21812;55.536;37.664;2019-12-08T11:56:37;18.12;;;9.80;;
35693;SDS011;21812;55.536;37.664;2019-12-08T11:59:06;20.85;;;10.43;;
35693;SDS011;21812;55.536;37.664;2019-12-08T12:01:36;16.58;;;9.95;;
35693;SDS011;21812;55.536;37.664;2019-12-08T12:04:05;19.80;;;12.13;;
35693;SDS011;21812;55.536;37.664;2019-12-08T12:06:38;18.60;;;10.57;;
35693;SDS011;21812;55.536;37.664;2019-12-08T12:09:10;20.67;;;10.27;;
35693;SDS011;21812;55.536;37.664;2019-12-08T12:11:41;20.67;;;11.00;;
35693;SDS011;21812;55.536;37.664;2019-12-08T12:14:14;20.10;;;10.23;;
35693;SDS011;21812;55.536;37.664;2019-12-08T12:16:50;19.57;;;10.30;;
35693;SDS011;21812;55.536;37.664;2019-12-08T12:19:22;18.13;;;10.97;;
35693;SDS011;21812;55.536;37.664;2019-12-08T12:21:51;15.53;;;9.17;;
35693;SDS011;21812;55.536;37.664;2019-12-08T12:24:23;19.67;;;9.40;;
35693;SDS011;21812;55.536;37.664;2019-12-08T12:26:54;19.03;;;10.53;;
35693;SDS011;21812;55.536;37.664;2019-12-08T12:29:26;20.73;;;9.43;;
35693;SDS011;21812;55.536;37.664;2019-12-08T12:31:55;18.00;;;9.10;;
35693;SDS011;21812;55.536;37.664;2019-12-08T12:34:24;22.73;;;11.17;;
35693;SDS011;21812;55.536;37.664;2019-12-08T12:36:54;16.80;;;10.20;;
35693;SDS011;21812;55.536;37.664;2019-12-08T12:39:23;18.67;;;10.93;;
35693;SDS011;21812;55.536;37.664;2019-12-08T12:41:53;18.87;;;9.20;;
35693;SDS011;21812;55.536;37.664;2019-12-08T12:44:22;18.43;;;10.30;;
35693;SDS011;21812;55.536;37.664;2019-12-08T12:46:53;19.97;;;10.23;;
35693;SDS011;21812;55.536;37.664;2019-12-08T12:49:35;15.93;;;10.63;;
35693;SDS011;21812;55.536;37.664;2019-12-08T12:52:11;15.73;;;9.43;;
35693;SDS011;21812;55.536;37.664;2019-12-08T12:54:42;17.60;;;9.87;;
35693;SDS011;21812;55.536;37.664;2019-12-08T12:57:50;19.33;;;9.43;;
35693;SDS011;21812;55.536;37.664;2019-12-08T13:00:28;17.10;;;8.63;;
35693;SDS011;21812;55.536;37.664;2019-12-08T13:03:01;17.23;;;10.07;;
35693;SDS011;21812;55.536;37.664;2019-12-08T13:05:32;15.23;;;9.10;;
35693;SDS011;21812;55.536;37.664;2019-12-08T13:08:01;15.07;;;7.80;;
35693;SDS011;21812;55.536;37.664;2019-12-08T13:10:30;13.60;;;8.90;;
35693;SDS011;21812;55.536;37.664;2019-12-08T13:12:59;18.57;;;9.00;;
35693;SDS011;21812;55.536;37.664;2019-12-08T13:15:31;14.83;;;8.23;;
35693;SDS011;21812;55.536;37.664;2019-12-08T13:18:01;15.00;;;8.20;;
35693;SDS011;21812;55.536;37.664;2019-12-08T13:20:32;12.93;;;8.53;;
35693;SDS011;21812;55.536;37.664;2019-12-08T13:23:08;16.67;;;8.73;;
35693;SDS011;21812;55.536;37.664;2019-12-08T13:25:38;13.40;;;8.37;;
35693;SDS011;21812;55.536;37.664;2019-12-08T13:28:15;15.63;;;8.03;;
35693;SDS011;21812;55.536;37.664;2019-12-08T13:30:49;16.33;;;8.50;;
35693;SDS011;21812;55.536;37.664;2019-12-08T13:33:22;15.47;;;8.33;;
35693;SDS011;21812;55.536;37.664;2019-12-08T13:35:55;19.12;;;8.43;;
35693;SDS011;21812;55.536;37.664;2019-12-08T13:40:26;14.47;;;7.53;;
35693;SDS011;21812;55.536;37.664;2019-12-08T13:42:55;14.27;;;8.20;;
35693;SDS011;21812;55.536;37.664;2019-12-08T13:45:25;14.57;;;8.30;;
35693;SDS011;21812;55.536;37.664;2019-12-08T13:47:54;15.77;;;8.43;;
35693;SDS011;21812;55.536;37.664;2019-12-08T13:50:24;17.97;;;7.63;;
35693;SDS011;21812;55.536;37.664;2019-12-08T13:52:55;11.47;;;7.43;;
35693;SDS011;21812;55.536;37.664;2019-12-08T13:55:29;16.58;;;8.05;;
35693;SDS011;21812;55.536;37.664;2019-12-08T13:57:59;13.57;;;6.80;;
35693;SDS011;21812;55.536;37.664;2019-12-08T14:00:31;15.27;;;7.23;;
35693;SDS011;21812;55.536;37.664;2019-12-08T14:03:04;15.82;;;7.22;;
35693;SDS011;21812;55.536;37.664;2019-12-08T14:05:33;13.67;;;7.13;;
35693;SDS011;21812;55.536;37.664;2019-12-08T14:08:02;14.50;;;6.47;;
35693;SDS011;21812;55.536;37.664;2019-12-08T14:10:31;11.07;;;5.80;;
35693;SDS011;21812;55.536;37.664;2019-12-08T14:13:02;10.43;;;6.00;;
35693;SDS011;21812;55.536;37.664;2019-12-08T14:15:37;10.67;;;5.53;;
35693;SDS011;21812;55.536;37.664;2019-12-08T14:18:06;9.63;;;5.43;;
35693;SDS011;21812;55.536;37.664;2019-12-08T14:20:35;13.80;;;6.63;;
35693;SDS011;21812;55.536;37.664;2019-12-08T14:23:04;9.30;;;6.37;;
35693;SDS011;21812;55.536;37.664;2019-12-08T14:25:37;9.73;;;5.33;;
35693;SDS011;21812;55.536;37.664;2019-12-08T14:28:11;11.20;;;5.87;;
35693;SDS011;21812;55.536;37.664;2019-12-08T14:30:41;13.10;;;6.63;;
35693;SDS011;21812;55.536;37.664;2019-12-08T14:33:10;10.73;;;6.27;;
35693;SDS011;21812;55.536;37.664;2019-12-08T14:35:40;9.40;;;4.93;;
35693;SDS011;21812;55.536;37.664;2019-12-08T14:38:16;10.80;;;4.90;;
35693;SDS011;21812;55.536;37.664;2019-12-08T14:40:45;11.07;;;5.60;;
35693;SDS011;21812;55.536;37.664;2019-12-08T14:43:14;9.67;;;4.87;;
35693;SDS011;21812;55.536;37.664;2019-12-08T14:45:44;11.53;;;5.07;;
35693;SDS011;21812;55.536;37.664;2019-12-08T14:48:16;10.17;;;5.07;;
35693;SDS011;21812;55.536;37.664;2019-12-08T14:50:46;9.23;;;5.73;;
35693;SDS011;21812;55.536;37.664;2019-12-08T14:53:16;12.83;;;6.00;;
35693;SDS011;21812;55.536;37.664;2019-12-08T14:55:47;8.67;;;4.70;;
35693;SDS011;21812;55.536;37.664;2019-12-08T14:58:20;8.13;;;4.77;;
35693;SDS011;21812;55.536;37.664;2019-12-08T15:00:53;7.87;;;4.80;;
35693;SDS011;21812;55.536;37.664;2019-12-08T15:03:22;11.53;;;5.43;;
35693;SDS011;21812;55.536;37.664;2019-12-08T15:05:55;8.87;;;3.73;;
35693;SDS011;21812;55.536;37.664;2019-12-08T15:08:24;7.33;;;3.70;;
35693;SDS011;21812;55.536;37.664;2019-12-08T15:11:04;7.07;;;4.20;;
35693;SDS011;21812;55.536;37.664;2019-12-08T15:13:34;9.50;;;4.13;;
35693;SDS011;21812;55.536;37.664;2019-12-08T15:16:04;8.20;;;4.60;;
35693;SDS011;21812;55.536;37.664;2019-12-08T15:18:34;7.50;;;4.10;;
35693;SDS011;21812;55.536;37.664;2019-12-08T15:21:10;7.80;;;3.20;;
35693;SDS011;21812;55.536;37.664;2019-12-08T15:23:39;5.07;;;3.47;;
35693;SDS011;21812;55.536;37.664;2019-12-08T15:26:15;6.90;;;3.53;;
35693;SDS011;21812;55.536;37.664;2019-12-08T15:28:47;8.63;;;3.80;;
35693;SDS011;21812;55.536;37.664;2019-12-08T15:31:21;10.02;;;4.10;;
35693;SDS011;21812;55.536;37.664;2019-12-08T15:33:54;8.40;;;3.90;;
35693;SDS011;21812;55.536;37.664;2019-12-08T15:36:24;9.13;;;4.63;;
35693;SDS011;21812;55.536;37.664;2019-12-08T15:38:54;9.77;;;4.13;;
35693;SDS011;21812;55.536;37.664;2019-12-08T15:41:27;10.30;;;4.12;;
35693;SDS011;21812;55.536;37.664;2019-12-08T15:43:59;8.27;;;4.07;;
35693;SDS011;21812;55.536;37.664;2019-12-08T15:46:28;6.17;;;3.77;;
35693;SDS011;21812;55.536;37.664;2019-12-08T15:48:59;5.83;;;3.87;;
35693;SDS011;21812;55.536;37.664;2019-12-08T15:51:27;8.57;;;3.43;;
35693;SDS011;21812;55.536;37.664;2019-12-08T15:54:18;6.60;;;3.83;;
35693;SDS011;21812;55.536;37.664;2019-12-08T15:56:54;6.67;;;3.10;;
35693;SDS011;21812;55.536;37.664;2019-12-08T15:59:26;5.63;;;3.63;;
35693;SDS011;21812;55.536;37.664;2019-12-08T16:02:01;6.60;;;3.27;;
35693;SDS011;21812;55.536;37.664;2019-12-08T16:04:34;6.67;;;4.17;;
35693;SDS011;21812;55.536;37.664;2019-12-08T16:07:04;6.20;;;3.60;;
35693;SDS011;21812;55.536;37.664;2019-12-08T16:09:37;6.17;;;3.17;;
35693;SDS011;21812;55.536;37.664;2019-12-08T16:12:09;7.70;;;3.30;;
35693;SDS011;21812;55.536;37.664;2019-12-08T16:14:42;6.18;;;3.50;;
35693;SDS011;21812;55.536;37.664;2019-12-08T16:17:12;5.17;;;3.73;;
35693;SDS011;21812;55.536;37.664;2019-12-08T16:19:44;7.00;;;3.70;;
35693;SDS011;21812;55.536;37.664;2019-12-08T16:22:16;7.53;;;3.27;;
35693;SDS011;21812;55.536;37.664;2019-12-08T16:24:46;7.40;;;3.87;;
35693;SDS011;21812;55.536;37.664;2019-12-08T16:27:20;7.65;;;2.92;;
35693;SDS011;21812;55.536;37.664;2019-12-08T16:29:55;5.13;;;2.80;;
35693;SDS011;21812;55.536;37.664;2019-12-08T16:32:24;5.70;;;2.77;;
35693;SDS011;21812;55.536;37.664;2019-12-08T16:34:55;6.47;;;2.97;;
35693;SDS011;21812;55.536;37.664;2019-12-08T16:37:24;5.90;;;2.60;;
35693;SDS011;21812;55.536;37.664;2019-12-08T16:39:54;5.63;;;2.50;;
35693;SDS011;21812;55.536;37.664;2019-12-08T16:42:23;4.97;;;2.43;;
35693;SDS011;21812;55.536;37.664;2019-12-08T16:44:52;4.07;;;2.23;;
35693;SDS011;21812;55.536;37.664;2019-12-08T16:47:21;4.80;;;2.73;;
35693;SDS011;21812;55.536;37.664;2019-12-08T16:49:51;6.20;;;2.53;;
35693;SDS011;21812;55.536;37.664;2019-12-08T16:52:20;4.60;;;3.13;;
35693;SDS011;21812;55.536;37.664;2019-12-08T16:54:49;5.23;;;2.80;;
35693;SDS011;21812;55.536;37.664;2019-12-08T16:57:19;7.43;;;4.00;;
35693;SDS011;21812;55.536;37.664;2019-12-08T16:59:48;5.47;;;2.73;;
35693;SDS011;21812;55.536;37.664;2019-12-08T17:02:18;4.33;;;2.80;;
35693;SDS011;21812;55.536;37.664;2019-12-08T17:04:58;4.10;;;2.40;;
35693;SDS011;21812;55.536;37.664;2019-12-08T17:07:30;4.60;;;2.43;;
35693;SDS011;21812;55.536;37.664;2019-12-08T17:10:04;6.60;;;2.78;;
35693;SDS011;21812;55.536;37.664;2019-12-08T17:12:33;7.90;;;3.23;;
35693;SDS011;21812;55.536;37.664;2019-12-08T17:15:04;3.67;;;2.17;;
35693;SDS011;21812;55.536;37.664;2019-12-08T17:17:34;6.87;;;3.23;;
35693;SDS011;21812;55.536;37.664;2019-12-08T17:20:04;6.93;;;2.80;;
35693;SDS011;21812;55.536;37.664;2019-12-08T17:22:36;4.73;;;2.47;;
35693;SDS011;21812;55.536;37.664;2019-12-08T17:25:09;5.80;;;2.50;;
35693;SDS011;21812;55.536;37.664;2019-12-08T17:27:38;5.67;;;2.87;;
35693;SDS011;21812;55.536;37.664;2019-12-08T17:30:07;5.13;;;2.73;;
35693;SDS011;21812;55.536;37.664;2019-12-08T17:32:36;4.60;;;2.80;;
35693;SDS011;21812;55.536;37.664;2019-12-08T17:35:05;3.97;;;2.27;;
35693;SDS011;21812;55.536;37.664;2019-12-08T17:37:34;5.60;;;2.97;;
35693;SDS011;21812;55.536;37.664;2019-12-08T17:40:03;4.00;;;2.17;;
35693;SDS011;21812;55.536;37.664;2019-12-08T17:42:32;4.57;;;2.70;;
35693;SDS011;21812;55.536;37.664;2019-12-08T17:45:01;5.13;;;2.83;;
35693;SDS011;21812;55.536;37.664;2019-12-08T17:47:31;5.30;;;2.93;;
35693;SDS011;21812;55.536;37.664;2019-12-08T17:50:01;6.07;;;2.80;;
35693;SDS011;21812;55.536;37.664;2019-12-08T17:52:30;3.97;;;2.17;;
35693;SDS011;21812;55.536;37.664;2019-12-08T17:54:59;5.03;;;2.07;;
35693;SDS011;21812;55.536;37.664;2019-12-08T17:57:35;3.50;;;1.90;;
35693;SDS011;21812;55.536;37.664;2019-12-08T18:00:09;4.80;;;1.87;;
35693;SDS011;21812;55.536;37.664;2019-12-08T18:02:38;3.13;;;1.70;;
35693;SDS011;21812;55.536;37.664;2019-12-08T18:05:20;3.43;;;2.10;;
35693;SDS011;21812;55.536;37.664;2019-12-08T18:07:53;5.25;;;1.83;;
35693;SDS011;21812;55.536;37.664;2019-12-08T18:10:22;4.70;;;1.93;;
35693;SDS011;21812;55.536;37.664;2019-12-08T18:12:51;4.87;;;2.27;;
35693;SDS011;21812;55.536;37.664;2019-12-08T18:15:21;2.43;;;1.70;;
35693;SDS011;21812;55.536;37.664;2019-12-08T18:20:31;6.40;;;3.43;;
35693;SDS011;21812;55.536;37.664;2019-12-08T18:23:18;6.87;;;2.47;;
35693;SDS011;21812;55.536;37.664;2019-12-08T18:29:21;6.03;;;2.13;;
35693;SDS011;21812;55.536;37.664;2019-12-08T18:31:53;2.00;;;1.50;;
35693;SDS011;21812;55.536;37.664;2019-12-08T18:34:26;5.80;;;2.33;;
35693;SDS011;21812;55.536;37.664;2019-12-08T18:36:57;6.40;;;2.50;;
35693;SDS011;21812;55.536;37.664;2019-12-08T18:39:28;3.47;;;2.00;;
35693;SDS011;21812;55.536;37.664;2019-12-08T18:41:56;9.40;;;3.67;;
35693;SDS011;21812;55.536;37.664;2019-12-08T18:44:26;6.47;;;2.53;;
35693;SDS011;21812;55.536;37.664;2019-12-08T18:46:54;3.93;;;1.90;;
35693;SDS011;21812;55.536;37.664;2019-12-08T18:49:23;4.07;;;1.73;;
35693;SDS011;21812;55.536;37.664;2019-12-08T18:51:53;4.97;;;1.50;;
35693;SDS011;21812;55.536;37.664;2019-12-08T18:54:22;2.57;;;1.10;;
35693;SDS011;21812;55.536;37.664;2019-12-08T18:56:52;6.60;;;3.27;;
35693;SDS011;21812;55.536;37.664;2019-12-08T18:59:25;4.80;;;2.45;;
35693;SDS011;21812;55.536;37.664;2019-12-08T19:01:58;2.28;;;1.50;;
35693;SDS011;21812;55.536;37.664;2019-12-08T19:04:27;3.00;;;1.30;;
35693;SDS011;21812;55.536;37.664;2019-12-08T19:06:56;5.30;;;1.53;;
35693;SDS011;21812;55.536;37.664;2019-12-08T19:09:26;4.53;;;1.40;;
35693;SDS011;21812;55.536;37.664;2019-12-08T19:11:56;4.77;;;1.37;;
35693;SDS011;21812;55.536;37.664;2019-12-08T19:14:25;3.20;;;1.00;;
35693;SDS011;21812;55.536;37.664;2019-12-08T19:16:57;4.57;;;1.77;;
35693;SDS011;21812;55.536;37.664;2019-12-08T19:19:29;2.53;;;1.07;;
35693;SDS011;21812;55.536;37.664;2019-12-08T19:22:02;2.67;;;1.23;;
35693;SDS011;21812;55.536;37.664;2019-12-08T19:24:32;2.43;;;1.50;;
35693;SDS011;21812;55.536;37.664;2019-12-08T19:27:03;2.20;;;1.30;;
35693;SDS011;21812;55.536;37.664;2019-12-08T19:29:32;3.10;;;1.23;;
35693;SDS011;21812;55.536;37.664;2019-12-08T19:32:05;4.22;;;1.52;;
35693;SDS011;21812;55.536;37.664;2019-12-08T19:34:39;2.85;;;1.42;;
35693;SDS011;21812;55.536;37.664;2019-12-08T19:37:08;2.70;;;1.33;;
35693;SDS011;21812;55.536;37.664;2019-12-08T19:39:42;3.47;;;2.03;;
35693;SDS011;21812;55.536;37.664;2019-12-08T19:42:18;3.43;;;1.43;;
35693;SDS011;21812;55.536;37.664;2019-12-08T19:44:47;1.57;;;1.20;;
35693;SDS011;21812;55.536;37.664;2019-12-08T19:47:17;8.80;;;2.67;;
35693;SDS011;21812;55.536;37.664;2019-12-08T19:49:46;3.23;;;1.43;;
35693;SDS011;21812;55.536;37.664;2019-12-08T19:52:17;2.20;;;1.30;;
35693;SDS011;21812;55.536;37.664;2019-12-08T19:54:47;1.53;;;1.20;;
35693;SDS011;21812;55.536;37.664;2019-12-08T19:57:24;8.70;;;1.93;;
35693;SDS011;21812;55.536;37.664;2019-12-08T19:59:57;2.42;;;1.50;;
35693;SDS011;21812;55.536;37.664;2019-12-08T20:09:14;2.07;;;1.10;;
35693;SDS011;21812;55.536;37.664;2019-12-08T20:12:18;3.70;;;1.40;;
35693;SDS011;21812;55.536;37.664;2019-12-08T20:14:52;2.20;;;1.03;;
35693;SDS011;21812;55.536;37.664;2019-12-08T20:17:25;3.63;;;1.20;;
35693;SDS011;21812;55.536;37.664;2019-12-08T20:19:57;3.83;;;1.70;;
35693;SDS011;21812;55.536;37.664;2019-12-08T20:22:26;2.07;;;1.40;;
35693;SDS011;21812;55.536;37.664;2019-12-08T20:24:56;3.90;;;1.37;;
35693;SDS011;21812;55.536;37.664;2019-12-08T20:27:26;4.43;;;1.37;;
35693;SDS011;21812;55.536;37.664;2019-12-08T20:29:55;2.40;;;1.50;;
35693;SDS011;21812;55.536;37.664;2019-12-08T20:32:24;4.27;;;1.90;;
35693;SDS011;21812;55.536;37.664;2019-12-08T20:34:53;3.20;;;1.57;;
35693;SDS011;21812;55.536;37.664;2019-12-08T20:37:22;4.90;;;1.80;;
35693;SDS011;21812;55.536;37.664;2019-12-08T20:39:57;4.80;;;1.43;;
35693;SDS011;21812;55.536;37.664;2019-12-08T20:42:33;3.40;;;1.50;;
35693;SDS011;21812;55.536;37.664;2019-12-08T20:45:03;2.07;;;1.30;;
35693;SDS011;21812;55.536;37.664;2019-12-08T20:47:32;2.73;;;1.40;;
35693;SDS011;21812;55.536;37.664;2019-12-08T20:50:02;3.50;;;1.30;;
35693;SDS011;21812;55.536;37.664;2019-12-08T20:52:31;4.40;;;1.10;;
35693;SDS011;21812;55.536;37.664;2019-12-08T20:55:00;3.83;;;1.50;;
35693;SDS011;21812;55.536;37.664;2019-12-08T20:57:32;4.27;;;1.60;;
35693;SDS011;21812;55.536;37.664;2019-12-08T21:00:04;3.23;;;1.60;;
35693;SDS011;21812;55.536;37.664;2019-12-08T21:02:36;2.30;;;1.20;;
35693;SDS011;21812;55.536;37.664;2019-12-08T21:05:23;2.20;;;0.90;;
35693;SDS011;21812;55.536;37.664;2019-12-08T21:08:09;1.40;;;0.90;;
35693;SDS011;21812;55.536;37.664;2019-12-08T21:10:56;2.20;;;0.90;;
35693;SDS011;21812;55.536;37.664;2019-12-08T21:13:39;1.30;;;0.60;;
35693;SDS011;21812;55.536;37.664;2019-12-08T21:16:20;1.57;;;0.90;;
35693;SDS011;21812;55.536;37.664;2019-12-08T21:18:49;2.90;;;1.10;;
35693;SDS011;21812;55.536;37.664;2019-12-08T21:21:20;4.10;;;2.20;;
35693;SDS011;21812;55.536;37.664;2019-12-08T21:23:53;2.37;;;1.37;;
35693;SDS011;21812;55.536;37.664;2019-12-08T21:28:57;1.33;;;0.80;;
35693;SDS011;21812;55.536;37.664;2019-12-08T21:31:28;3.50;;;0.70;;
35693;SDS011;21812;55.536;37.664;2019-12-08T21:33:57;3.27;;;1.00;;
35693;SDS011;21812;55.536;37.664;2019-12-08T21:36:26;5.37;;;0.90;;
35693;SDS011;21812;55.536;37.664;2019-12-08T21:38:55;0.80;;;0.60;;
35693;SDS011;21812;55.536;37.664;2019-12-08T21:41:27;3.87;;;1.50;;
35693;SDS011;21812;55.536;37.664;2019-12-08T21:43:58;4.20;;;0.90;;
35693;SDS011;21812;55.536;37.664;2019-12-08T21:46:30;2.90;;;1.00;;
35693;SDS011;21812;55.536;37.664;2019-12-08T21:49:02;2.13;;;1.07;;
35693;SDS011;21812;55.536;37.664;2019-12-08T21:51:31;2.93;;;0.90;;
35693;SDS011;21812;55.536;37.664;2019-12-08T21:54:00;2.17;;;0.60;;
35693;SDS011;21812;55.536;37.664;2019-12-08T21:56:35;4.53;;;1.10;;
35693;SDS011;21812;55.536;37.664;2019-12-08T21:59:04;3.03;;;1.47;;
35693;SDS011;21812;55.536;37.664;2019-12-08T22:01:36;4.97;;;0.73;;
35693;SDS011;21812;55.536;37.664;2019-12-08T22:04:06;1.80;;;0.57;;
35693;SDS011;21812;55.536;37.664;2019-12-08T22:06:37;2.03;;;0.80;;
35693;SDS011;21812;55.536;37.664;2019-12-08T22:11:43;1.17;;;0.70;;
35693;SDS011;21812;55.536;37.664;2019-12-08T22:14:19;2.27;;;0.57;;
35693;SDS011;21812;55.536;37.664;2019-12-08T22:16:48;2.53;;;0.70;;
35693;SDS011;21812;55.536;37.664;2019-12-08T22:19:16;2.10;;;0.83;;
35693;SDS011;21812;55.536;37.664;2019-12-08T22:21:49;3.35;;;0.93;;
35693;SDS011;21812;55.536;37.664;2019-12-08T22:24:22;4.33;;;0.90;;
35693;SDS011;21812;55.536;37.664;2019-12-08T22:26:52;1.37;;;0.80;;
35693;SDS011;21812;55.536;37.664;2019-12-08T22:29:24;4.23;;;2.27;;
35693;SDS011;21812;55.536;37.664;2019-12-08T22:31:54;2.23;;;0.67;;
35693;SDS011;21812;55.536;37.664;2019-12-08T22:34:26;2.33;;;0.80;;
35693;SDS011;21812;55.536;37.664;2019-12-08T22:36:58;2.67;;;0.93;;
35693;SDS011;21812;55.536;37.664;2019-12-08T22:39:36;1.83;;;0.60;;
35693;SDS011;21812;55.536;37.664;2019-12-08T22:42:08;3.37;;;1.20;;
35693;SDS011;21812;55.536;37.664;2019-12-08T22:44:37;5.57;;;1.27;;
35693;SDS011;21812;55.536;37.664;2019-12-08T22:47:15;2.47;;;1.17;;
35693;SDS011;21812;55.536;37.664;2019-12-08T22:49:48;1.40;;;0.80;;
35693;SDS011;21812;55.536;37.664;2019-12-08T22:52:20;1.47;;;0.80;;
35693;SDS011;21812;55.536;37.664;2019-12-08T22:54:54;2.20;;;0.90;;
35693;SDS011;21812;55.536;37.664;2019-12-08T22:57:30;3.03;;;1.33;;
35693;SDS011;21812;55.536;37.664;2019-12-08T23:00:07;1.63;;;0.70;;
35693;SDS011;21812;55.536;37.664;2019-12-08T23:02:45;3.47;;;1.10;;
35693;SDS011;21812;55.536;37.664;2019-12-08T23:05:18;2.43;;;1.10;;
35693;SDS011;21812;55.536;37.664;2019-12-08T23:07:52;2.63;;;1.07;;
35693;SDS011;21812;55.536;37.664;2019-12-08T23:10:24;3.57;;;1.17;;
35693;SDS011;21812;55.536;37.664;2019-12-08T23:12:54;1.80;;;1.20;;
35693;SDS011;21812;55.536;37.664;2019-12-08T23:15:24;4.43;;;1.33;;
35693;SDS011;21812;55.536;37.664;2019-12-08T23:18:03;10.03;;;1.83;;
35693;SDS011;21812;55.536;37.664;2019-12-08T23:20:44;4.87;;;1.63;;
35693;SDS011;21812;55.536;37.664;2019-12-08T23:23:24;3.93;;;0.97;;
35693;SDS011;21812;55.536;37.664;2019-12-08T23:26:04;3.17;;;1.23;;
35693;SDS011;21812;55.536;37.664;2019-12-08T23:28:40;4.00;;;1.77;;
35693;SDS011;21812;55.536;37.664;2019-12-08T23:31:19;5.10;;;1.37;;
35693;SDS011;21812;55.536;37.664;2019-12-08T23:33:52;2.78;;;1.92;;
35693;SDS011;21812;55.536;37.664;2019-12-08T23:36:25;4.50;;;1.30;;
35693;SDS011;21812;55.536;37.664;2019-12-08T23:38:57;3.57;;;1.37;;
35693;SDS011;21812;55.536;37.664;2019-12-08T23:41:30;3.40;;;1.02;;
35693;SDS011;21812;55.536;37.664;2019-12-08T23:44:05;5.27;;;1.50;;
35693;SDS011;21812;55.536;37.664;2019-12-08T23:47:56;2.97;;;1.13;;
35693;SDS011;21812;55.536;37.664;2019-12-08T23:50:38;5.37;;;1.10;;
35693;SDS011;21812;55.536;37.664;2019-12-08T23:59:56;5.37;;;1.77;;
35693;SDS011;21812;55.536;37.664;2019-12-09T00:02:27;2.27;;;1.40;;
35693;SDS011;21812;55.536;37.664;2019-12-09T00:05:14;4.07;;;1.70;;
35693;SDS011;21812;55.536;37.664;2019-12-09T00:07:51;10.90;;;2.03;;
35693;SDS011;21812;55.536;37.664;2019-12-09T00:10:25;6.07;;;1.60;;
35693;SDS011;21812;55.536;37.664;2019-12-09T00:12:55;4.43;;;1.80;;
35693;SDS011;21812;55.536;37.664;2019-12-09T00:15:23;4.43;;;1.77;;
35693;SDS011;21812;55.536;37.664;2019-12-09T00:17:54;5.03;;;2.10;;
35693;SDS011;21812;55.536;37.664;2019-12-09T00:20:26;2.57;;;1.43;;
35693;SDS011;21812;55.536;37.664;2019-12-09T00:22:56;6.27;;;1.50;;
35693;SDS011;21812;55.536;37.664;2019-12-09T00:25:25;2.93;;;1.90;;
35693;SDS011;21812;55.536;37.664;2019-12-09T00:27:57;3.87;;;1.40;;
35693;SDS011;21812;55.536;37.664;2019-12-09T00:30:27;6.43;;;1.80;;
35693;SDS011;21812;55.536;37.664;2019-12-09T00:32:57;5.27;;;1.97;;
35693;SDS011;21812;55.536;37.664;2019-12-09T00:35:26;3.50;;;1.80;;
35693;SDS011;21812;55.536;37.664;2019-12-09T00:37:55;6.67;;;1.53;;
35693;SDS011;21812;55.536;37.664;2019-12-09T00:40:28;4.87;;;1.97;;
35693;SDS011;21812;55.536;37.664;2019-12-09T00:42:59;5.80;;;2.00;;
35693;SDS011;21812;55.536;37.664;2019-12-09T00:45:29;3.87;;;2.07;;
35693;SDS011;21812;55.536;37.664;2019-12-09T00:47:59;9.33;;;2.07;;
35693;SDS011;21812;55.536;37.664;2019-12-09T00:50:28;4.03;;;1.70;;
35693;SDS011;21812;55.536;37.664;2019-12-09T00:53:01;7.43;;;1.93;;
35693;SDS011;21812;55.536;37.664;2019-12-09T00:55:30;5.40;;;1.73;;
35693;SDS011;21812;55.536;37.664;2019-12-09T00:58:01;3.97;;;1.60;;
35693;SDS011;21812;55.536;37.664;2019-12-09T01:00:34;4.60;;;2.90;;
35693;SDS011;21812;55.536;37.664;2019-12-09T01:04:35;5.50;;;2.13;;
35693;SDS011;21812;55.536;37.664;2019-12-09T01:07:17;8.57;;;2.83;;
35693;SDS011;21812;55.536;37.664;2019-12-09T01:09:50;4.27;;;2.30;;
35693;SDS011;21812;55.536;37.664;2019-12-09T01:12:24;3.58;;;2.10;;
35693;SDS011;21812;55.536;37.664;2019-12-09T01:14:58;5.28;;;2.12;;
35693;SDS011;21812;55.536;37.664;2019-12-09T01:17:34;5.83;;;2.93;;
35693;SDS011;21812;55.536;37.664;2019-12-09T01:20:07;9.57;;;3.13;;
35693;SDS011;21812;55.536;37.664;2019-12-09T01:22:36;4.73;;;1.97;;
35693;SDS011;21812;55.536;37.664;2019-12-09T01:25:05;5.67;;;2.63;;
35693;SDS011;21812;55.536;37.664;2019-12-09T01:27:34;6.60;;;2.83;;
35693;SDS011;21812;55.536;37.664;2019-12-09T01:30:05;4.80;;;2.20;;
35693;SDS011;21812;55.536;37.664;2019-12-09T01:32:37;4.43;;;2.27;;
35693;SDS011;21812;55.536;37.664;2019-12-09T01:35:07;5.73;;;1.90;;
35693;SDS011;21812;55.536;37.664;2019-12-09T01:37:37;6.60;;;2.33;;
35693;SDS011;21812;55.536;37.664;2019-12-09T01:40:06;4.50;;;2.03;;
35693;SDS011;21812;55.536;37.664;2019-12-09T01:42:35;9.70;;;2.53;;
35693;SDS011;21812;55.536;37.664;2019-12-09T01:45:04;6.80;;;2.63;;
35693;SDS011;21812;55.536;37.664;2019-12-09T01:47:37;5.10;;;2.63;;
35693;SDS011;21812;55.536;37.664;2019-12-09T01:50:08;5.90;;;2.27;;
35693;SDS011;21812;55.536;37.664;2019-12-09T01:52:38;7.67;;;3.20;;
35693;SDS011;21812;55.536;37.664;2019-12-09T01:55:07;5.63;;;2.30;;
35693;SDS011;21812;55.536;37.664;2019-12-09T01:57:38;5.77;;;2.77;;
35693;SDS011;21812;55.536;37.664;2019-12-09T02:00:09;5.50;;;2.20;;
35693;SDS011;21812;55.536;37.664;2019-12-09T02:02:42;4.23;;;2.30;;
35693;SDS011;21812;55.536;37.664;2019-12-09T02:05:12;5.27;;;2.50;;
35693;SDS011;21812;55.536;37.664;2019-12-09T02:07:42;5.63;;;2.90;;
35693;SDS011;21812;55.536;37.664;2019-12-09T02:10:14;6.63;;;3.00;;
35693;SDS011;21812;55.536;37.664;2019-12-09T02:12:47;5.10;;;2.13;;
35693;SDS011;21812;55.536;37.664;2019-12-09T02:15:19;7.53;;;2.90;;
35693;SDS011;21812;55.536;37.664;2019-12-09T02:17:58;4.53;;;2.77;;
35693;SDS011;21812;55.536;37.664;2019-12-09T02:21:07;6.63;;;4.03;;
35693;SDS011;21812;55.536;37.664;2019-12-09T02:23:37;6.57;;;2.60;;
35693;SDS011;21812;55.536;37.664;2019-12-09T02:26:13;11.23;;;3.53;;
35693;SDS011;21812;55.536;37.664;2019-12-09T02:28:46;4.47;;;2.83;;
35693;SDS011;21812;55.536;37.664;2019-12-09T02:31:15;5.63;;;2.90;;
35693;SDS011;21812;55.536;37.664;2019-12-09T02:33:46;5.00;;;2.90;;
35693;SDS011;21812;55.536;37.664;2019-12-09T02:36:16;9.63;;;3.00;;
35693;SDS011;21812;55.536;37.664;2019-12-09T02:41:25;7.72;;;2.50;;
35693;SDS011;21812;55.536;37.664;2019-12-09T02:43:56;8.23;;;3.13;;
35693;SDS011;21812;55.536;37.664;2019-12-09T02:46:27;5.10;;;3.00;;
35693;SDS011;21812;55.536;37.664;2019-12-09T02:48:58;6.47;;;3.43;;
35693;SDS011;21812;55.536;37.664;2019-12-09T02:51:29;6.27;;;3.27;;
35693;SDS011;21812;55.536;37.664;2019-12-09T02:54:01;11.53;;;3.40;;
35693;SDS011;21812;55.536;37.664;2019-12-09T02:56:32;7.23;;;3.77;;
35693;SDS011;21812;55.536;37.664;2019-12-09T02:59:01;5.80;;;3.17;;
35693;SDS011;21812;55.536;37.664;2019-12-09T03:01:30;5.33;;;3.47;;
35693;SDS011;21812;55.536;37.664;2019-12-09T03:03:59;8.73;;;3.57;;
35693;SDS011;21812;55.536;37.664;2019-12-09T03:06:30;7.33;;;3.63;;
35693;SDS011;21812;55.536;37.664;2019-12-09T03:08:59;5.50;;;3.30;;
35693;SDS011;21812;55.536;37.664;2019-12-09T03:11:28;6.17;;;3.93;;
35693;SDS011;21812;55.536;37.664;2019-12-09T03:13:57;8.53;;;4.20;;
35693;SDS011;21812;55.536;37.664;2019-12-09T03:16:43;9.10;;;4.03;;
35693;SDS011;21812;55.536;37.664;2019-12-09T03:20:50;7.75;;;3.78;;
35693;SDS011;21812;55.536;37.664;2019-12-09T03:23:32;9.53;;;3.97;;
35693;SDS011;21812;55.536;37.664;2019-12-09T03:26:02;7.87;;;4.40;;
35693;SDS011;21812;55.536;37.664;2019-12-09T03:29:17;9.75;;;4.07;;
35693;SDS011;21812;55.536;37.664;2019-12-09T03:31:49;5.90;;;4.20;;
35693;SDS011;21812;55.536;37.664;2019-12-09T03:34:29;9.10;;;4.33;;
35693;SDS011;21812;55.536;37.664;2019-12-09T03:36:59;7.43;;;3.67;;
35693;SDS011;21812;55.536;37.664;2019-12-09T03:39:30;5.80;;;4.30;;
35693;SDS011;21812;55.536;37.664;2019-12-09T03:41:59;9.07;;;5.13;;
35693;SDS011;21812;55.536;37.664;2019-12-09T03:44:37;11.87;;;5.17;;
35693;SDS011;21812;55.536;37.664;2019-12-09T03:47:16;5.87;;;3.60;;
35693;SDS011;21812;55.536;37.664;2019-12-09T03:49:57;10.00;;;4.70;;
35693;SDS011;21812;55.536;37.664;2019-12-09T03:52:42;7.27;;;4.53;;
35693;SDS011;21812;55.536;37.664;2019-12-09T03:55:16;8.57;;;4.25;;
35693;SDS011;21812;55.536;37.664;2019-12-09T03:57:51;7.28;;;4.22;;
35693;SDS011;21812;55.536;37.664;2019-12-09T04:00:26;6.60;;;4.03;;
35693;SDS011;21812;55.536;37.664;2019-12-09T04:02:57;8.03;;;4.23;;
35693;SDS011;21812;55.536;37.664;2019-12-09T04:05:38;10.00;;;5.53;;
35693;SDS011;21812;55.536;37.664;2019-12-09T04:08:13;8.73;;;5.03;;
35693;SDS011;21812;55.536;37.664;2019-12-09T04:10:46;7.60;;;4.50;;
35693;SDS011;21812;55.536;37.664;2019-12-09T04:13:18;8.03;;;4.30;;
35693;SDS011;21812;55.536;37.664;2019-12-09T04:15:47;12.77;;;5.07;;
35693;SDS011;21812;55.536;37.664;2019-12-09T04:18:16;8.40;;;5.43;;
35693;SDS011;21812;55.536;37.664;2019-12-09T04:20:47;9.83;;;4.73;;
35693;SDS011;21812;55.536;37.664;2019-12-09T04:23:20;8.87;;;5.00;;
35693;SDS011;21812;55.536;37.664;2019-12-09T04:25:50;10.93;;;5.53;;
35693;SDS011;21812;55.536;37.664;2019-12-09T04:28:19;13.27;;;5.53;;
35693;SDS011;21812;55.536;37.664;2019-12-09T04:30:52;14.53;;;6.03;;
35693;SDS011;21812;55.536;37.664;2019-12-09T04:33:39;8.60;;;4.90;;
35693;SDS011;21812;55.536;37.664;2019-12-09T04:36:21;9.20;;;5.53;;
35693;SDS011;21812;55.536;37.664;2019-12-09T04:40:57;10.40;;;4.83;;
35693;SDS011;21812;55.536;37.664;2019-12-09T04:43:28;10.03;;;4.77;;
35693;SDS011;21812;55.536;37.664;2019-12-09T04:46:00;10.13;;;6.60;;
35693;SDS011;21812;55.536;37.664;2019-12-09T04:48:37;8.13;;;5.53;;
35693;SDS011;21812;55.536;37.664;2019-12-09T04:51:10;11.67;;;5.70;;
35693;SDS011;21812;55.536;37.664;2019-12-09T04:53:43;12.80;;;6.53;;
35693;SDS011;21812;55.536;37.664;2019-12-09T04:56:19;11.70;;;6.10;;
35693;SDS011;21812;55.536;37.664;2019-12-09T04:58:55;9.03;;;5.83;;
35693;SDS011;21812;55.536;37.664;2019-12-09T05:01:27;9.80;;;6.37;;
35693;SDS011;21812;55.536;37.664;2019-12-09T05:04:06;9.10;;;5.73;;
35693;SDS011;21812;55.536;37.664;2019-12-09T05:06:43;11.13;;;6.00;;
35693;SDS011;21812;55.536;37.664;2019-12-09T05:09:13;10.37;;;6.77;;
35693;SDS011;21812;55.536;37.664;2019-12-09T05:11:45;13.20;;;6.50;;
35693;SDS011;21812;55.536;37.664;2019-12-09T05:14:16;10.63;;;6.23;;
35693;SDS011;21812;55.536;37.664;2019-12-09T05:16:47;9.73;;;6.63;;
35693;SDS011;21812;55.536;37.664;2019-12-09T05:19:18;8.53;;;6.17;;
35693;SDS011;21812;55.536;37.664;2019-12-09T05:21:49;14.27;;;6.67;;
35693;SDS011;21812;55.536;37.664;2019-12-09T05:24:23;11.93;;;7.72;;
35693;SDS011;21812;55.536;37.664;2019-12-09T05:26:59;14.03;;;8.23;;
35693;SDS011;21812;55.536;37.664;2019-12-09T05:29:39;13.27;;;7.27;;
35693;SDS011;21812;55.536;37.664;2019-12-09T05:32:17;10.27;;;6.70;;
35693;SDS011;21812;55.536;37.664;2019-12-09T05:34:46;8.87;;;6.37;;
35693;SDS011;21812;55.536;37.664;2019-12-09T05:37:17;15.67;;;7.87;;
35693;SDS011;21812;55.536;37.664;2019-12-09T05:39:54;12.27;;;6.90;;
35693;SDS011;21812;55.536;37.664;2019-12-09T05:42:37;9.85;;;6.25;;
35693;SDS011;21812;55.536;37.664;2019-12-09T05:45:15;11.30;;;6.87;;
35693;SDS011;21812;55.536;37.664;2019-12-09T05:47:46;10.67;;;6.53;;
35693;SDS011;21812;55.536;37.664;2019-12-09T05:50:15;10.67;;;6.57;;
35693;SDS011;21812;55.536;37.664;2019-12-09T05:52:46;12.37;;;6.97;;
35693;SDS011;21812;55.536;37.664;2019-12-09T05:55:16;9.60;;;7.03;;
35693;SDS011;21812;55.536;37.664;2019-12-09T05:57:49;14.00;;;7.87;;
35693;SDS011;21812;55.536;37.664;2019-12-09T06:00:26;13.00;;;7.23;;
35693;SDS011;21812;55.536;37.664;2019-12-09T06:03:03;12.03;;;7.63;;
35693;SDS011;21812;55.536;37.664;2019-12-09T06:05:38;13.40;;;7.57;;
35693;SDS011;21812;55.536;37.664;2019-12-09T06:08:08;12.47;;;7.50;;
35693;SDS011;21812;55.536;37.664;2019-12-09T06:10:50;11.63;;;7.47;;
35693;SDS011;21812;55.536;37.664;2019-12-09T06:13:32;11.73;;;7.77;;
35693;SDS011;21812;55.536;37.664;2019-12-09T06:16:18;17.20;;;7.50;;
35693;SDS011;21812;55.536;37.664;2019-12-09T06:18:47;11.97;;;6.97;;
35693;SDS011;21812;55.536;37.664;2019-12-09T06:23:54;13.97;;;7.43;;
35693;SDS011;21812;55.536;37.664;2019-12-09T06:26:25;13.07;;;7.73;;
35693;SDS011;21812;55.536;37.664;2019-12-09T06:28:57;13.73;;;8.10;;
35693;SDS011;21812;55.536;37.664;2019-12-09T06:31:30;13.20;;;8.23;;
35693;SDS011;21812;55.536;37.664;2019-12-09T06:34:01;12.93;;;7.73;;
35693;SDS011;21812;55.536;37.664;2019-12-09T06:36:33;14.07;;;7.97;;
35693;SDS011;21812;55.536;37.664;2019-12-09T06:39:04;12.73;;;8.23;;
35693;SDS011;21812;55.536;37.664;2019-12-09T06:41:38;14.83;;;7.77;;
35693;SDS011;21812;55.536;37.664;2019-12-09T06:44:14;12.03;;;7.73;;
35693;SDS011;21812;55.536;37.664;2019-12-09T06:46:50;12.47;;;8.47;;
35693;SDS011;21812;55.536;37.664;2019-12-09T06:49:45;14.00;;;8.40;;
35693;SDS011;21812;55.536;37.664;2019-12-09T06:52:23;14.03;;;7.97;;
35693;SDS011;21812;55.536;37.664;2019-12-09T06:55:00;15.10;;;8.83;;
35693;SDS011;21812;55.536;37.664;2019-12-09T06:57:38;11.13;;;7.50;;
35693;SDS011;21812;55.536;37.664;2019-12-09T07:00:11;12.83;;;8.23;;
35693;SDS011;21812;55.536;37.664;2019-12-09T07:02:47;12.30;;;8.33;;
35693;SDS011;21812;55.536;37.664;2019-12-09T07:05:31;11.13;;;7.20;;
35693;SDS011;21812;55.536;37.664;2019-12-09T07:08:03;13.43;;;8.33;;
35693;SDS011;21812;55.536;37.664;2019-12-09T07:10:35;12.53;;;8.43;;
35693;SDS011;21812;55.536;37.664;2019-12-09T07:13:05;14.53;;;8.47;;
35693;SDS011;21812;55.536;37.664;2019-12-09T07:15:39;16.33;;;9.13;;
35693;SDS011;21812;55.536;37.664;2019-12-09T07:18:08;15.67;;;9.00;;
35693;SDS011;21812;55.536;37.664;2019-12-09T07:20:38;14.93;;;8.30;;
35693;SDS011;21812;55.536;37.664;2019-12-09T07:23:13;14.70;;;9.33;;
35693;SDS011;21812;55.536;37.664;2019-12-09T07:25:45;13.20;;;7.93;;
35693;SDS011;21812;55.536;37.664;2019-12-09T07:28:14;13.60;;;8.13;;
35693;SDS011;21812;55.536;37.664;2019-12-09T07:30:57;15.57;;;8.13;;
35693;SDS011;21812;55.536;37.664;2019-12-09T07:33:50;15.20;;;8.17;;
35693;SDS011;21812;55.536;37.664;2019-12-09T07:36:27;12.90;;;8.27;;
35693;SDS011;21812;55.536;37.664;2019-12-09T07:39:00;11.27;;;7.50;;
35693;SDS011;21812;55.536;37.664;2019-12-09T07:44:03;11.97;;;7.27;;
35693;SDS011;21812;55.536;37.664;2019-12-09T07:46:33;11.43;;;7.57;;
35693;SDS011;21812;55.536;37.664;2019-12-09T07:49:18;11.43;;;7.53;;
35693;SDS011;21812;55.536;37.664;2019-12-09T07:51:47;13.47;;;7.73;;
35693;SDS011;21812;55.536;37.664;2019-12-09T07:54:18;12.30;;;7.53;;
35693;SDS011;21812;55.536;37.664;2019-12-09T07:56:49;19.40;;;8.27;;
35693;SDS011;21812;55.536;37.664;2019-12-09T07:59:24;15.77;;;8.77;;
35693;SDS011;21812;55.536;37.664;2019-12-09T08:01:57;11.97;;;7.80;;
35693;SDS011;21812;55.536;37.664;2019-12-09T08:08:00;13.77;;;7.07;;
35693;SDS011;21812;55.536;37.664;2019-12-09T08:10:30;11.83;;;6.97;;
35693;SDS011;21812;55.536;37.664;2019-12-09T08:13:03;11.67;;;7.83;;
35693;SDS011;21812;55.536;37.664;2019-12-09T08:15:38;10.20;;;7.13;;
35693;SDS011;21812;55.536;37.664;2019-12-09T08:18:11;18.25;;;8.20;;
35693;SDS011;21812;55.536;37.664;2019-12-09T08:20:43;12.87;;;8.37;;
35693;SDS011;21812;55.536;37.664;2019-12-09T08:23:14;15.70;;;8.90;;
35693;SDS011;21812;55.536;37.664;2019-12-09T08:25:44;13.23;;;7.67;;
35693;SDS011;21812;55.536;37.664;2019-12-09T08:28:13;13.33;;;8.43;;
35693;SDS011;21812;55.536;37.664;2019-12-09T08:30:45;11.33;;;7.00;;
35693;SDS011;21812;55.536;37.664;2019-12-09T08:33:19;10.30;;;6.57;;
35693;SDS011;21812;55.536;37.664;2019-12-09T08:36:02;15.73;;;8.17;;
35693;SDS011;21812;55.536;37.664;2019-12-09T08:38:32;14.23;;;8.00;;
35693;SDS011;21812;55.536;37.664;2019-12-09T08:41:02;10.87;;;7.27;;
35693;SDS011;21812;55.536;37.664;2019-12-09T08:43:35;13.35;;;7.72;;
35693;SDS011;21812;55.536;37.664;2019-12-09T08:46:13;11.60;;;7.67;;
35693;SDS011;21812;55.536;37.664;2019-12-09T08:48:41;12.07;;;7.93;;
35693;SDS011;21812;55.536;37.664;2019-12-09T08:51:10;11.33;;;6.93;;
35693;SDS011;21812;55.536;37.664;2019-12-09T08:53:41;13.10;;;7.47;;
35693;SDS011;21812;55.536;37.664;2019-12-09T08:56:10;12.23;;;7.97;;
35693;SDS011;21812;55.536;37.664;2019-12-09T08:58:40;13.07;;;7.37;;
35693;SDS011;21812;55.536;37.664;2019-12-09T09:01:10;11.97;;;7.80;;
35693;SDS011;21812;55.536;37.664;2019-12-09T09:03:43;13.47;;;8.30;;
35693;SDS011;21812;55.536;37.664;2019-12-09T09:06:13;14.30;;;8.03;;
35693;SDS011;21812;55.536;37.664;2019-12-09T09:08:45;14.00;;;7.43;;
35693;SDS011;21812;55.536;37.664;2019-12-09T09:11:16;15.93;;;9.03;;
35693;SDS011;21812;55.536;37.664;2019-12-09T09:13:49;16.00;;;8.60;;
35693;SDS011;21812;55.536;37.664;2019-12-09T09:16:20;13.87;;;7.03;;
35693;SDS011;21812;55.536;37.664;2019-12-09T09:18:49;16.10;;;7.30;;
35693;SDS011;21812;55.536;37.664;2019-12-09T09:21:24;12.57;;;7.23;;
35693;SDS011;21812;55.536;37.664;2019-12-09T09:23:58;14.63;;;7.63;;
35693;SDS011;21812;55.536;37.664;2019-12-09T09:26:32;12.07;;;7.47;;
35693;SDS011;21812;55.536;37.664;2019-12-09T09:29:03;12.87;;;7.50;;
35693;SDS011;21812;55.536;37.664;2019-12-09T09:31:33;15.67;;;8.27;;
35693;SDS011;21812;55.536;37.664;2019-12-09T09:34:04;12.53;;;7.13;;
35693;SDS011;21812;55.536;37.664;2019-12-09T09:36:41;12.10;;;7.10;;
35693;SDS011;21812;55.536;37.664;2019-12-09T09:39:11;11.70;;;6.67;;
35693;SDS011;21812;55.536;37.664;2019-12-09T09:41:50;12.23;;;7.67;;
35693;SDS011;21812;55.536;37.664;2019-12-09T09:44:22;9.83;;;6.07;;
35693;SDS011;21812;55.536;37.664;2019-12-09T09:47:00;13.80;;;6.97;;
35693;SDS011;21812;55.536;37.664;2019-12-09T09:49:30;10.10;;;6.07;;
35693;SDS011;21812;55.536;37.664;2019-12-09T09:51:59;13.83;;;7.20;;
35693;SDS011;21812;55.536;37.664;2019-12-09T09:54:28;12.37;;;6.97;;
35693;SDS011;21812;55.536;37.664;2019-12-09T09:56:57;8.00;;;5.77;;
35693;SDS011;21812;55.536;37.664;2019-12-09T09:59:26;10.07;;;6.23;;
35693;SDS011;21812;55.536;37.664;2019-12-09T10:01:57;14.27;;;7.97;;
35693;SDS011;21812;55.536;37.664;2019-12-09T10:04:30;10.20;;;6.17;;
35693;SDS011;21812;55.536;37.664;2019-12-09T10:07:03;13.37;;;6.83;;
35693;SDS011;21812;55.536;37.664;2019-12-09T10:09:37;14.77;;;8.07;;
35693;SDS011;21812;55.536;37.664;2019-12-09T10:12:11;15.68;;;6.87;;
35693;SDS011;21812;55.536;37.664;2019-12-09T10:14:42;12.03;;;6.67;;
35693;SDS011;21812;55.536;37.664;2019-12-09T10:17:16;10.93;;;6.50;;
35693;SDS011;21812;55.536;37.664;2019-12-09T10:19:46;11.53;;;7.13;;
35693;SDS011;21812;55.536;37.664;2019-12-09T10:22:14;8.93;;;6.70;;
35693;SDS011;21812;55.536;37.664;2019-12-09T10:24:43;9.53;;;6.57;;
35693;SDS011;21812;55.536;37.664;2019-12-09T10:27:29;8.80;;;6.17;;
35693;SDS011;21812;55.536;37.664;2019-12-09T10:29:59;12.60;;;7.50;;
35693;SDS011;21812;55.536;37.664;2019-12-09T10:32:34;10.93;;;6.27;;
35693;SDS011;21812;55.536;37.664;2019-12-09T10:35:06;10.43;;;6.33;;
35693;SDS011;21812;55.536;37.664;2019-12-09T10:37:35;12.03;;;6.37;;
35693;SDS011;21812;55.536;37.664;2019-12-09T10:40:05;9.63;;;6.57;;
35693;SDS011;21812;55.536;37.664;2019-12-09T10:42:36;10.90;;;6.00;;
35693;SDS011;21812;55.536;37.664;2019-12-09T10:45:05;10.43;;;6.17;;
35693;SDS011;21812;55.536;37.664;2019-12-09T10:47:37;10.80;;;6.47;;
35693;SDS011;21812;55.536;37.664;2019-12-09T10:50:08;8.63;;;6.00;;
35693;SDS011;21812;55.536;37.664;2019-12-09T10:52:42;10.52;;;6.65;;
35693;SDS011;21812;55.536;37.664;2019-12-09T10:55:12;8.93;;;6.07;;
35693;SDS011;21812;55.536;37.664;2019-12-09T10:57:57;10.55;;;6.90;;
35693;SDS011;21812;55.536;37.664;2019-12-09T11:00:28;11.53;;;6.37;;
35693;SDS011;21812;55.536;37.664;2019-12-09T11:02:58;14.33;;;6.93;;
35693;SDS011;21812;55.536;37.664;2019-12-09T11:05:29;10.37;;;6.43;;
35693;SDS011;21812;55.536;37.664;2019-12-09T11:08:02;11.40;;;6.43;;
35693;SDS011;21812;55.536;37.664;2019-12-09T11:10:32;10.93;;;6.40;;
35693;SDS011;21812;55.536;37.664;2019-12-09T11:13:07;9.17;;;6.33;;
35693;SDS011;21812;55.536;37.664;2019-12-09T11:15:40;13.20;;;7.72;;
35693;SDS011;21812;55.536;37.664;2019-12-09T11:18:10;10.17;;;6.47;;
35693;SDS011;21812;55.536;37.664;2019-12-09T11:20:39;9.90;;;5.93;;
35693;SDS011;21812;55.536;37.664;2019-12-09T11:23:11;12.13;;;7.50;;
35693;SDS011;21812;55.536;37.664;2019-12-09T11:25:40;10.37;;;6.40;;
35693;SDS011;21812;55.536;37.664;2019-12-09T11:28:13;12.13;;;6.50;;
35693;SDS011;21812;55.536;37.664;2019-12-09T11:30:48;13.47;;;7.80;;
35693;SDS011;21812;55.536;37.664;2019-12-09T11:33:31;10.97;;;7.57;;
35693;SDS011;21812;55.536;37.664;2019-12-09T11:36:00;11.10;;;7.13;;
35693;SDS011;21812;55.536;37.664;2019-12-09T11:38:29;9.70;;;6.17;;
35693;SDS011;21812;55.536;37.664;2019-12-09T11:41:18;11.73;;;7.17;;
35693;SDS011;21812;55.536;37.664;2019-12-09T11:43:46;16.23;;;7.40;;
35693;SDS011;21812;55.536;37.664;2019-12-09T11:46:17;11.17;;;6.77;;
35693;SDS011;21812;55.536;37.664;2019-12-09T11:48:46;14.00;;;8.03;;
35693;SDS011;21812;55.536;37.664;2019-12-09T11:51:20;11.15;;;6.82;;
35693;SDS011;21812;55.536;37.664;2019-12-09T11:53:50;10.63;;;7.33;;
35693;SDS011;21812;55.536;37.664;2019-12-09T11:56:25;12.60;;;7.73;;
35693;SDS011;21812;55.536;37.664;2019-12-09T11:59:02;14.57;;;7.60;;
35693;SDS011;21812;55.536;37.664;2019-12-09T12:01:41;13.10;;;7.33;;
35693;SDS011;21812;55.536;37.664;2019-12-09T12:04:12;11.30;;;7.40;;
35693;SDS011;21812;55.536;37.664;2019-12-09T12:06:43;16.13;;;8.33;;
35693;SDS011;21812;55.536;37.664;2019-12-09T12:09:23;13.10;;;7.33;;
35693;SDS011;21812;55.536;37.664;2019-12-09T12:11:51;13.63;;;7.87;;
35693;SDS011;21812;55.536;37.664;2019-12-09T12:14:20;14.67;;;8.27;;
35693;SDS011;21812;55.536;37.664;2019-12-09T12:16:54;14.38;;;7.93;;
35693;SDS011;21812;55.536;37.664;2019-12-09T12:19:23;12.37;;;8.17;;
35693;SDS011;21812;55.536;37.664;2019-12-09T12:21:53;12.40;;;7.70;;
35693;SDS011;21812;55.536;37.664;2019-12-09T12:24:26;15.60;;;9.33;;
35693;SDS011;21812;55.536;37.664;2019-12-09T12:26:56;16.50;;;9.07;;
35693;SDS011;21812;55.536;37.664;2019-12-09T12:29:25;12.83;;;8.17;;
35693;SDS011;21812;55.536;37.664;2019-12-09T12:31:55;11.90;;;7.60;;
35693;SDS011;21812;55.536;37.664;2019-12-09T12:34:24;12.73;;;8.10;;
35693;SDS011;21812;55.536;37.664;2019-12-09T12:36:53;14.20;;;7.97;;
35693;SDS011;21812;55.536;37.664;2019-12-09T12:39:28;13.60;;;8.80;;
35693;SDS011;21812;55.536;37.664;2019-12-09T12:42:00;13.07;;;7.87;;
35693;SDS011;21812;55.536;37.664;2019-12-09T12:44:29;16.97;;;8.97;;
35693;SDS011;21812;55.536;37.664;2019-12-09T12:46:58;14.53;;;8.37;;
35693;SDS011;21812;55.536;37.664;2019-12-09T12:49:32;17.60;;;9.35;;
35693;SDS011;21812;55.536;37.664;2019-12-09T12:52:08;15.33;;;8.43;;
35693;SDS011;21812;55.536;37.664;2019-12-09T12:54:37;13.07;;;9.20;;
35693;SDS011;21812;55.536;37.664;2019-12-09T12:57:10;13.55;;;9.35;;
35693;SDS011;21812;55.536;37.664;2019-12-09T12:59:40;16.37;;;9.37;;
35693;SDS011;21812;55.536;37.664;2019-12-09T13:02:09;19.83;;;9.47;;
35693;SDS011;21812;55.536;37.664;2019-12-09T13:04:39;17.27;;;10.63;;
35693;SDS011;21812;55.536;37.664;2019-12-09T13:07:09;18.13;;;9.97;;
35693;SDS011;21812;55.536;37.664;2019-12-09T13:09:39;15.20;;;9.10;;
35693;SDS011;21812;55.536;37.664;2019-12-09T13:12:11;19.10;;;10.03;;
35693;SDS011;21812;55.536;37.664;2019-12-09T13:14:40;15.60;;;9.63;;
35693;SDS011;21812;55.536;37.664;2019-12-09T13:17:20;19.17;;;9.87;;
35693;SDS011;21812;55.536;37.664;2019-12-09T13:19:54;17.15;;;10.10;;
35693;SDS011;21812;55.536;37.664;2019-12-09T13:24:57;16.50;;;9.50;;
35693;SDS011;21812;55.536;37.664;2019-12-09T13:27:30;18.03;;;10.30;;
35693;SDS011;21812;55.536;37.664;2019-12-09T13:29:59;20.07;;;11.17;;
35693;SDS011;21812;55.536;37.664;2019-12-09T13:32:34;16.00;;;9.93;;
35693;SDS011;21812;55.536;37.664;2019-12-09T13:35:06;17.00;;;11.13;;
35693;SDS011;21812;55.536;37.664;2019-12-09T13:37:42;16.27;;;9.97;;
35693;SDS011;21812;55.536;37.664;2019-12-09T13:40:12;18.77;;;9.23;;
35693;SDS011;21812;55.536;37.664;2019-12-09T13:42:43;17.80;;;10.90;;
35693;SDS011;21812;55.536;37.664;2019-12-09T13:45:13;16.20;;;9.67;;
35693;SDS011;21812;55.536;37.664;2019-12-09T13:47:48;17.07;;;10.60;;
35693;SDS011;21812;55.536;37.664;2019-12-09T13:50:20;17.03;;;10.03;;
35693;SDS011;21812;55.536;37.664;2019-12-09T13:52:55;14.23;;;8.83;;
35693;SDS011;21812;55.536;37.664;2019-12-09T13:55:34;15.80;;;9.77;;
35693;SDS011;21812;55.536;37.664;2019-12-09T13:58:07;14.07;;;8.70;;
35693;SDS011;21812;55.536;37.664;2019-12-09T14:00:37;13.10;;;9.40;;
35693;SDS011;21812;55.536;37.664;2019-12-09T14:03:11;16.30;;;9.57;;
35693;SDS011;21812;55.536;37.664;2019-12-09T14:05:40;16.20;;;9.27;;
35693;SDS011;21812;55.536;37.664;2019-12-09T14:08:14;15.35;;;8.43;;
35693;SDS011;21812;55.536;37.664;2019-12-09T14:10:49;18.60;;;10.20;;
35693;SDS011;21812;55.536;37.664;2019-12-09T14:13:21;22.37;;;10.07;;
35693;SDS011;21812;55.536;37.664;2019-12-09T14:15:50;13.97;;;9.00;;
35693;SDS011;21812;55.536;37.664;2019-12-09T14:18:34;16.85;;;10.55;;
35693;SDS011;21812;55.536;37.664;2019-12-09T14:21:07;17.97;;;10.47;;
35693;SDS011;21812;55.536;37.664;2019-12-09T14:23:40;20.50;;;8.68;;
35693;SDS011;21812;55.536;37.664;2019-12-09T14:26:11;16.03;;;9.47;;
35693;SDS011;21812;55.536;37.664;2019-12-09T14:28:41;18.73;;;10.50;;
35693;SDS011;21812;55.536;37.664;2019-12-09T14:31:09;18.83;;;10.33;;
35693;SDS011;21812;55.536;37.664;2019-12-09T14:33:41;17.83;;;10.07;;
35693;SDS011;21812;55.536;37.664;2019-12-09T14:36:13;17.23;;;10.60;;
35693;SDS011;21812;55.536;37.664;2019-12-09T14:39:24;16.23;;;9.67;;
35693;SDS011;21812;55.536;37.664;2019-12-09T14:41:55;14.87;;;10.03;;
35693;SDS011;21812;55.536;37.664;2019-12-09T14:44:25;16.87;;;10.07;;
35693;SDS011;21812;55.536;37.664;2019-12-09T14:46:57;16.73;;;9.93;;
35693;SDS011;21812;55.536;37.664;2019-12-09T14:49:27;14.90;;;10.13;;
35693;SDS011;21812;55.536;37.664;2019-12-09T14:51:57;12.33;;;8.57;;
35693;SDS011;21812;55.536;37.664;2019-12-09T14:54:29;16.23;;;9.37;;
35693;SDS011;21812;55.536;37.664;2019-12-09T14:57:01;12.77;;;9.00;;
35693;SDS011;21812;55.536;37.664;2019-12-09T14:59:30;15.83;;;9.03;;
35693;SDS011;21812;55.536;37.664;2019-12-09T15:02:05;15.73;;;9.00;;
35693;SDS011;21812;55.536;37.664;2019-12-09T15:04:34;14.80;;;9.10;;
35693;SDS011;21812;55.536;37.664;2019-12-09T15:07:05;15.77;;;10.03;;
35693;SDS011;21812;55.536;37.664;2019-12-09T15:09:35;16.30;;;9.53;;
35693;SDS011;21812;55.536;37.664;2019-12-09T15:12:06;18.67;;;10.20;;
35693;SDS011;21812;55.536;37.664;2019-12-09T15:14:37;16.23;;;9.17;;
35693;SDS011;21812;55.536;37.664;2019-12-09T15:17:09;14.87;;;8.60;;
35693;SDS011;21812;55.536;37.664;2019-12-09T15:19:39;16.23;;;9.43;;
35693;SDS011;21812;55.536;37.664;2019-12-09T15:22:09;17.47;;;8.97;;
35693;SDS011;21812;55.536;37.664;2019-12-09T15:24:41;13.03;;;8.87;;
35693;SDS011;21812;55.536;37.664;2019-12-09T15:27:16;13.97;;;9.03;;
35693;SDS011;21812;55.536;37.664;2019-12-09T15:29:48;15.27;;;8.67;;
35693;SDS011;21812;55.536;37.664;2019-12-09T15:34:53;14.33;;;7.93;;
35693;SDS011;21812;55.536;37.664;2019-12-09T15:37:23;15.93;;;9.60;;
35693;SDS011;21812;55.536;37.664;2019-12-09T15:39:54;15.00;;;8.97;;
35693;SDS011;21812;55.536;37.664;2019-12-09T15:42:30;14.60;;;9.10;;
35693;SDS011;21812;55.536;37.664;2019-12-09T15:45:02;17.33;;;9.70;;
35693;SDS011;21812;55.536;37.664;2019-12-09T15:47:35;14.60;;;9.03;;
35693;SDS011;21812;55.536;37.664;2019-12-09T15:50:04;16.03;;;9.13;;
35693;SDS011;21812;55.536;37.664;2019-12-09T15:52:33;18.10;;;9.60;;
35693;SDS011;21812;55.536;37.664;2019-12-09T15:55:04;12.73;;;8.23;;
35693;SDS011;21812;55.536;37.664;2019-12-09T15:57:36;19.17;;;8.70;;
35693;SDS011;21812;55.536;37.664;2019-12-09T16:00:09;20.62;;;9.45;;
35693;SDS011;21812;55.536;37.664;2019-12-09T16:02:45;16.03;;;9.20;;
35693;SDS011;21812;55.536;37.664;2019-12-09T16:05:15;14.33;;;8.47;;
35693;SDS011;21812;55.536;37.664;2019-12-09T16:07:45;17.93;;;9.97;;
35693;SDS011;21812;55.536;37.664;2019-12-09T16:10:17;13.60;;;8.97;;
35693;SDS011;21812;55.536;37.664;2019-12-09T16:12:51;14.63;;;8.63;;
35693;SDS011;21812;55.536;37.664;2019-12-09T16:15:20;15.80;;;8.97;;
35693;SDS011;21812;55.536;37.664;2019-12-09T16:17:50;16.37;;;9.87;;
35693;SDS011;21812;55.536;37.664;2019-12-09T16:20:19;15.27;;;9.67;;
35693;SDS011;21812;55.536;37.664;2019-12-09T16:22:51;13.47;;;9.00;;
35693;SDS011;21812;55.536;37.664;2019-12-09T16:25:21;15.50;;;9.27;;
35693;SDS011;21812;55.536;37.664;2019-12-09T16:27:56;13.07;;;9.00;;
35693;SDS011;21812;55.536;37.664;2019-12-09T16:30:29;15.02;;;9.10;;
35693;SDS011;21812;55.536;37.664;2019-12-09T16:32:59;20.47;;;9.70;;
35693;SDS011;21812;55.536;37.664;2019-12-09T16:35:29;13.50;;;9.47;;
35693;SDS011;21812;55.536;37.664;2019-12-09T16:38:00;17.00;;;10.90;;
35693;SDS011;21812;55.536;37.664;2019-12-09T16:40:31;14.47;;;8.53;;
35693;SDS011;21812;55.536;37.664;2019-12-09T16:43:00;15.43;;;9.87;;
35693;SDS011;21812;55.536;37.664;2019-12-09T16:45:29;16.60;;;9.47;;
35693;SDS011;21812;55.536;37.664;2019-12-09T16:48:10;15.57;;;9.23;;
35693;SDS011;21812;55.536;37.664;2019-12-09T16:50:40;14.17;;;9.53;;
35693;SDS011;21812;55.536;37.664;2019-12-09T16:53:09;13.90;;;8.77;;
35693;SDS011;21812;55.536;37.664;2019-12-09T16:55:38;19.50;;;10.60;;
35693;SDS011;21812;55.536;37.664;2019-12-09T16:58:08;20.97;;;9.20;;
35693;SDS011;21812;55.536;37.664;2019-12-09T17:00:37;16.17;;;9.80;;
35693;SDS011;21812;55.536;37.664;2019-12-09T17:03:25;16.77;;;9.73;;
35693;SDS011;21812;55.536;37.664;2019-12-09T17:06:12;14.33;;;9.67;;
35693;SDS011;21812;55.536;37.664;2019-12-09T17:09:01;16.83;;;9.00;;
35693;SDS011;21812;55.536;37.664;2019-12-09T17:11:41;15.17;;;7.60;;
35693;SDS011;21812;55.536;37.664;2019-12-09T17:14:09;13.13;;;7.73;;
35693;SDS011;21812;55.536;37.664;2019-12-09T17:16:43;9.77;;;7.50;;
35693;SDS011;21812;55.536;37.664;2019-12-09T17:19:18;14.20;;;8.57;;
35693;SDS011;21812;55.536;37.664;2019-12-09T17:21:58;15.43;;;8.50;;
35693;SDS011;21812;55.536;37.664;2019-12-09T17:24:27;20.53;;;9.13;;
35693;SDS011;21812;55.536;37.664;2019-12-09T17:26:56;18.70;;;7.93;;
35693;SDS011;21812;55.536;37.664;2019-12-09T17:29:25;22.45;;;8.02;;
35693;SDS011;21812;55.536;37.664;2019-12-09T17:31:54;18.33;;;10.40;;
35693;SDS011;21812;55.536;37.664;2019-12-09T17:34:25;12.93;;;7.70;;
35693;SDS011;21812;55.536;37.664;2019-12-09T17:36:57;16.07;;;8.77;;
35693;SDS011;21812;55.536;37.664;2019-12-09T17:39:26;11.73;;;7.78;;
35693;SDS011;21812;55.536;37.664;2019-12-09T17:41:56;16.57;;;10.03;;
35693;SDS011;21812;55.536;37.664;2019-12-09T17:44:30;13.73;;;8.77;;
35693;SDS011;21812;55.536;37.664;2019-12-09T17:47:04;15.75;;;9.18;;
35693;SDS011;21812;55.536;37.664;2019-12-09T17:49:34;14.52;;;8.90;;
35693;SDS011;21812;55.536;37.664;2019-12-09T17:52:04;12.82;;;7.72;;
35693;SDS011;21812;55.536;37.664;2019-12-09T17:54:34;12.63;;;7.62;;
35693;SDS011;21812;55.536;37.664;2019-12-09T17:57:03;12.88;;;7.82;;
35693;SDS011;21812;55.536;37.664;2019-12-09T17:59:32;13.77;;;7.60;;
35693;SDS011;21812;55.536;37.664;2019-12-09T18:02:05;11.15;;;5.85;;
35693;SDS011;21812;55.536;37.664;2019-12-09T18:04:40;16.20;;;8.13;;
35693;SDS011;21812;55.536;37.664;2019-12-09T18:07:20;13.62;;;8.30;;
35693;SDS011;21812;55.536;37.664;2019-12-09T18:09:51;13.45;;;8.15;;
35693;SDS011;21812;55.536;37.664;2019-12-09T18:12:21;17.05;;;8.30;;
35693;SDS011;21812;55.536;37.664;2019-12-09T18:14:50;16.92;;;8.63;;
35693;SDS011;21812;55.536;37.664;2019-12-09T18:17:21;15.35;;;8.02;;
35693;SDS011;21812;55.536;37.664;2019-12-09T18:19:54;12.00;;;7.50;;
35693;SDS011;21812;55.536;37.664;2019-12-09T18:22:23;15.98;;;9.25;;
35693;SDS011;21812;55.536;37.664;2019-12-09T18:24:52;15.02;;;9.13;;
35693;SDS011;21812;55.536;37.664;2019-12-09T18:27:24;15.43;;;9.10;;
35693;SDS011;21812;55.536;37.664;2019-12-09T18:29:56;16.02;;;8.35;;
35693;SDS011;21812;55.536;37.664;2019-12-09T18:32:25;17.48;;;9.15;;
35693;SDS011;21812;55.536;37.664;2019-12-09T18:34:56;12.93;;;8.73;;
35693;SDS011;21812;55.536;37.664;2019-12-09T18:37:38;14.77;;;8.85;;
35693;SDS011;21812;55.536;37.664;2019-12-09T18:40:19;15.45;;;9.95;;
35693;SDS011;21812;55.536;37.664;2019-12-09T18:42:53;17.17;;;8.43;;
35693;SDS011;21812;55.536;37.664;2019-12-09T18:45:23;18.42;;;9.50;;
35693;SDS011;21812;55.536;37.664;2019-12-09T18:48:12;12.52;;;7.95;;
35693;SDS011;21812;55.536;37.664;2019-12-09T18:51:14;16.83;;;10.20;;
35693;SDS011;21812;55.536;37.664;2019-12-09T18:53:44;17.60;;;9.95;;
35693;SDS011;21812;55.536;37.664;2019-12-09T18:56:17;16.50;;;9.35;;
35693;SDS011;21812;55.536;37.664;2019-12-09T18:58:49;18.63;;;9.70;;
35693;SDS011;21812;55.536;37.664;2019-12-09T19:01:23;14.00;;;8.77;;
35693;SDS011;21812;55.536;37.664;2019-12-09T19:03:56;15.75;;;9.60;;
35693;SDS011;21812;55.536;37.664;2019-12-09T19:06:25;16.07;;;10.10;;
35693;SDS011;21812;55.536;37.664;2019-12-09T19:08:54;15.03;;;8.73;;
35693;SDS011;21812;55.536;37.664;2019-12-09T19:11:29;19.30;;;9.70;;
35693;SDS011;21812;55.536;37.664;2019-12-09T19:14:04;18.23;;;10.43;;
35693;SDS011;21812;55.536;37.664;2019-12-09T19:16:35;13.57;;;9.57;;
35693;SDS011;21812;55.536;37.664;2019-12-09T19:19:05;15.07;;;10.23;;
35693;SDS011;21812;55.536;37.664;2019-12-09T19:21:35;16.73;;;11.00;;
35693;SDS011;21812;55.536;37.664;2019-12-09T19:24:05;17.07;;;10.30;;
35693;SDS011;21812;55.536;37.664;2019-12-09T19:26:35;17.90;;;10.37;;
35693;SDS011;21812;55.536;37.664;2019-12-09T19:29:10;14.33;;;9.07;;
35693;SDS011;21812;55.536;37.664;2019-12-09T19:31:55;19.10;;;10.33;;
35693;SDS011;21812;55.536;37.664;2019-12-09T19:34:38;19.17;;;10.43;;
35693;SDS011;21812;55.536;37.664;2019-12-09T19:37:10;16.30;;;10.27;;
35693;SDS011;21812;55.536;37.664;2019-12-09T19:39:44;14.63;;;9.57;;
35693;SDS011;21812;55.536;37.664;2019-12-09T19:42:14;12.43;;;8.93;;
35693;SDS011;21812;55.536;37.664;2019-12-09T19:44:43;18.20;;;10.20;;
35693;SDS011;21812;55.536;37.664;2019-12-09T19:47:12;16.60;;;9.97;;
35693;SDS011;21812;55.536;37.664;2019-12-09T19:49:46;18.27;;;9.35;;
35693;SDS011;21812;55.536;37.664;2019-12-09T19:52:14;16.60;;;9.93;;
35693;SDS011;21812;55.536;37.664;2019-12-09T19:54:44;20.07;;;10.70;;
35693;SDS011;21812;55.536;37.664;2019-12-09T19:57:13;20.93;;;11.27;;
35693;SDS011;21812;55.536;37.664;2019-12-09T19:59:48;16.37;;;9.83;;
35693;SDS011;21812;55.536;37.664;2019-12-09T20:02:19;21.53;;;10.20;;
35693;SDS011;21812;55.536;37.664;2019-12-09T20:04:50;18.27;;;12.30;;
35693;SDS011;21812;55.536;37.664;2019-12-09T20:07:19;15.03;;;9.77;;
35693;SDS011;21812;55.536;37.664;2019-12-09T20:09:48;16.27;;;10.23;;
35693;SDS011;21812;55.536;37.664;2019-12-09T20:12:25;18.10;;;9.97;;
35693;SDS011;21812;55.536;37.664;2019-12-09T20:14:56;18.40;;;10.17;;
35693;SDS011;21812;55.536;37.664;2019-12-09T20:17:25;18.57;;;10.87;;
35693;SDS011;21812;55.536;37.664;2019-12-09T20:20:07;17.87;;;9.97;;
35693;SDS011;21812;55.536;37.664;2019-12-09T20:22:46;17.87;;;11.03;;
35693;SDS011;21812;55.536;37.664;2019-12-09T20:32:06;18.03;;;10.40;;
35693;SDS011;21812;55.536;37.664;2019-12-09T20:34:35;19.90;;;10.70;;
35693;SDS011;21812;55.536;37.664;2019-12-09T20:37:06;16.70;;;10.37;;
35693;SDS011;21812;55.536;37.664;2019-12-09T20:39:35;17.83;;;10.93;;
35693;SDS011;21812;55.536;37.664;2019-12-09T20:42:04;16.97;;;10.63;;
35693;SDS011;21812;55.536;37.664;2019-12-09T20:44:33;18.47;;;11.03;;
35693;SDS011;21812;55.536;37.664;2019-12-09T20:47:04;20.37;;;11.30;;
35693;SDS011;21812;55.536;37.664;2019-12-09T20:49:33;19.30;;;12.27;;
35693;SDS011;21812;55.536;37.664;2019-12-09T20:52:03;19.90;;;9.97;;
35693;SDS011;21812;55.536;37.664;2019-12-09T20:54:31;19.23;;;11.13;;
35693;SDS011;21812;55.536;37.664;2019-12-09T20:57:01;17.43;;;10.43;;
35693;SDS011;21812;55.536;37.664;2019-12-09T20:59:30;16.30;;;11.00;;
35693;SDS011;21812;55.536;37.664;2019-12-09T21:02:01;15.23;;;11.00;;
35693;SDS011;21812;55.536;37.664;2019-12-09T21:04:44;19.00;;;10.37;;
35693;SDS011;21812;55.536;37.664;2019-12-09T21:07:35;18.17;;;11.27;;
35693;SDS011;21812;55.536;37.664;2019-12-09T21:10:22;18.13;;;10.13;;
35693;SDS011;21812;55.536;37.664;2019-12-09T21:13:21;16.87;;;10.87;;
35693;SDS011;21812;55.536;37.664;2019-12-09T21:16:19;19.90;;;10.07;;
35693;SDS011;21812;55.536;37.664;2019-12-09T21:18:49;20.53;;;11.53;;
35693;SDS011;21812;55.536;37.664;2019-12-09T21:21:20;16.97;;;10.93;;
35693;SDS011;21812;55.536;37.664;2019-12-09T21:23:49;18.17;;;11.17;;
35693;SDS011;21812;55.536;37.664;2019-12-09T21:26:20;18.73;;;11.10;;
35693;SDS011;21812;55.536;37.664;2019-12-09T21:28:54;16.50;;;10.47;;
35693;SDS011;21812;55.536;37.664;2019-12-09T21:31:24;17.90;;;11.80;;
35693;SDS011;21812;55.536;37.664;2019-12-09T21:33:54;15.47;;;8.97;;
35693;SDS011;21812;55.536;37.664;2019-12-09T21:36:26;15.77;;;11.10;;
35693;SDS011;21812;55.536;37.664;2019-12-09T21:38:57;15.60;;;10.73;;
35693;SDS011;21812;55.536;37.664;2019-12-09T21:41:27;18.63;;;11.60;;
35693;SDS011;21812;55.536;37.664;2019-12-09T21:43:58;18.60;;;12.07;;
35693;SDS011;21812;55.536;37.664;2019-12-09T21:46:27;15.87;;;9.77;;
35693;SDS011;21812;55.536;37.664;2019-12-09T21:48:56;22.33;;;11.77;;
35693;SDS011;21812;55.536;37.664;2019-12-09T21:51:26;20.83;;;11.67;;
35693;SDS011;21812;55.536;37.664;2019-12-09T21:53:55;20.60;;;10.47;;
35693;SDS011;21812;55.536;37.664;2019-12-09T21:56:24;15.90;;;10.77;;
35693;SDS011;21812;55.536;37.664;2019-12-09T21:58:55;20.30;;;11.40;;
35693;SDS011;21812;55.536;37.664;2019-12-09T22:01:25;18.33;;;10.90;;
35693;SDS011;21812;55.536;37.664;2019-12-09T22:04:13;16.43;;;10.83;;
35693;SDS011;21812;55.536;37.664;2019-12-09T22:09:58;17.53;;;10.50;;
35693;SDS011;21812;55.536;37.664;2019-12-09T22:12:33;19.07;;;12.10;;
35693;SDS011;21812;55.536;37.664;2019-12-09T22:15:10;19.93;;;10.97;;
35693;SDS011;21812;55.536;37.664;2019-12-09T22:17:47;17.20;;;10.97;;
35693;SDS011;21812;55.536;37.664;2019-12-09T22:20:20;18.80;;;10.73;;
35693;SDS011;21812;55.536;37.664;2019-12-09T22:22:51;17.10;;;10.47;;
35693;SDS011;21812;55.536;37.664;2019-12-09T22:25:21;19.63;;;11.80;;
35693;SDS011;21812;55.536;37.664;2019-12-09T22:27:53;16.13;;;10.17;;
35693;SDS011;21812;55.536;37.664;2019-12-09T22:30:25;19.37;;;11.23;;
35693;SDS011;21812;55.536;37.664;2019-12-09T22:32:59;18.75;;;11.40;;
35693;SDS011;21812;55.536;37.664;2019-12-09T22:35:32;18.65;;;11.77;;
35693;SDS011;21812;55.536;37.664;2019-12-09T22:38:06;17.25;;;11.68;;
35693;SDS011;21812;55.536;37.664;2019-12-09T22:40:35;16.47;;;10.40;;
35693;SDS011;21812;55.536;37.664;2019-12-09T22:43:09;21.87;;;11.85;;
35693;SDS011;21812;55.536;37.664;2019-12-09T22:45:48;18.93;;;11.70;;
35693;SDS011;21812;55.536;37.664;2019-12-09T22:51:14;20.23;;;12.03;;
35693;SDS011;21812;55.536;37.664;2019-12-09T22:53:55;20.73;;;11.53;;
35693;SDS011;21812;55.536;37.664;2019-12-09T22:56:33;21.53;;;12.60;;
35693;SDS011;21812;55.536;37.664;2019-12-09T22:59:16;17.62;;;11.88;;
35693;SDS011;21812;55.536;37.664;2019-12-09T23:01:55;17.73;;;11.83;;
35693;SDS011;21812;55.536;37.664;2019-12-09T23:04:31;19.43;;;12.20;;
35693;SDS011;21812;55.536;37.664;2019-12-09T23:07:12;20.87;;;11.67;;
35693;SDS011;21812;55.536;37.664;2019-12-09T23:09:51;19.10;;;12.17;;
35693;SDS011;21812;55.536;37.664;2019-12-09T23:12:36;20.13;;;12.10;;
35693;SDS011;21812;55.536;37.664;2019-12-09T23:15:08;19.67;;;11.80;;
35693;SDS011;21812;55.536;37.664;2019-12-09T23:17:45;19.90;;;11.83;;
35693;SDS011;21812;55.536;37.664;2019-12-09T23:20:24;19.90;;;12.57;;
35693;SDS011;21812;55.536;37.664;2019-12-09T23:23:06;21.63;;;13.10;;
35693;SDS011;21812;55.536;37.664;2019-12-09T23:25:48;20.13;;;11.93;;
35693;SDS011;21812;55.536;37.664;2019-12-09T23:28:22;22.55;;;12.32;;
35693;SDS011;21812;55.536;37.664;2019-12-09T23:30:56;20.77;;;13.63;;
35693;SDS011;21812;55.536;37.664;2019-12-09T23:33:32;22.87;;;12.57;;
35693;SDS011;21812;55.536;37.664;2019-12-09T23:36:13;22.20;;;12.97;;
35693;SDS011;21812;55.536;37.664;2019-12-09T23:38:51;25.67;;;12.67;;
35693;SDS011;21812;55.536;37.664;2019-12-09T23:41:23;24.73;;;13.07;;
35693;SDS011;21812;55.536;37.664;2019-12-09T23:43:57;27.80;;;12.07;;
35693;SDS011;21812;55.536;37.664;2019-12-09T23:46:30;26.42;;;12.73;;
35693;SDS011;21812;55.536;37.664;2019-12-09T23:51:41;19.90;;;11.37;;
35693;SDS011;21812;55.536;37.664;2019-12-09T23:54:19;19.53;;;12.07;;
35693;SDS011;21812;55.536;37.664;2019-12-09T23:56:57;17.47;;;11.40;;
35693;SDS011;21812;55.536;37.664;2019-12-09T23:59:34;19.87;;;12.07;;
