sensor_id;sensor_type;location;lat;lon;timestamp;P1;durP1;ratioP1;P2;durP2;ratioP2
24022;SDS011;12226;55.68345798;37.59173334;2019-12-07T08:28:30;26.77;;;17.05;;
24022;SDS011;12226;55.68345798;37.59173334;2019-12-07T08:31:01;28.87;;;15.70;;
24022;SDS011;12226;55.68345798;37.59173334;2019-12-07T08:33:32;28.23;;;15.90;;
24022;SDS011;12226;55.68345798;37.59173334;2019-12-07T08:36:03;28.25;;;15.58;;
24022;SDS011;12226;55.68345798;37.59173334;2019-12-07T08:38:34;30.48;;;16.12;;
24022;SDS011;12226;55.68345798;37.59173334;2019-12-07T08:41:05;29.82;;;16.48;;
24022;SDS011;12226;55.68345798;37.59173334;2019-12-07T08:43:55;27.20;;;16.60;;
24022;SDS011;12226;55.68345798;37.59173334;2019-12-07T08:46:45;25.88;;;14.75;;
24022;SDS011;12226;55.68345798;37.59173334;2019-12-07T08:49:17;29.57;;;17.05;;
24022;SDS011;12226;55.68345798;37.59173334;2019-12-07T08:51:48;31.15;;;16.77;;
24022;SDS011;12226;55.68345798;37.59173334;2019-12-07T08:54:19;28.42;;;16.37;;
24022;SDS011;12226;55.68345798;37.59173334;2019-12-07T08:56:49;28.85;;;16.90;;
24022;SDS011;12226;55.68345798;37.59173334;2019-12-07T08:59:20;26.33;;;15.85;;
24022;SDS011;12226;55.68345798;37.59173334;2019-12-07T09:01:51;31.70;;;16.82;;
24022;SDS011;12226;55.68345798;37.59173334;2019-12-07T09:04:22;31.45;;;16.48;;
24022;SDS011;12226;55.68345798;37.59173334;2019-12-07T09:06:53;30.70;;;15.03;;
24022;SDS011;12226;55.68345798;37.59173334;2019-12-07T09:09:24;31.15;;;17.25;;
24022;SDS011;12226;55.68345798;37.59173334;2019-12-07T09:11:54;28.87;;;16.20;;
24022;SDS011;12226;55.68345798;37.59173334;2019-12-07T09:14:25;30.82;;;16.10;;
24022;SDS011;12226;55.68345798;37.59173334;2019-12-07T09:16:56;28.52;;;17.05;;
24022;SDS011;12226;55.68345798;37.59173334;2019-12-07T09:19:27;28.60;;;15.88;;
24022;SDS011;12226;55.68345798;37.59173334;2019-12-07T09:21:58;27.00;;;15.32;;
24022;SDS011;12226;55.68345798;37.59173334;2019-12-07T09:24:29;28.15;;;15.80;;
24022;SDS011;12226;55.68345798;37.59173334;2019-12-07T09:27:00;28.60;;;14.85;;
24022;SDS011;12226;55.68345798;37.59173334;2019-12-07T09:29:31;27.87;;;16.70;;
24022;SDS011;12226;55.68345798;37.59173334;2019-12-07T09:32:02;34.45;;;16.20;;
24022;SDS011;12226;55.68345798;37.59173334;2019-12-07T09:34:33;29.27;;;16.57;;
24022;SDS011;12226;55.68345798;37.59173334;2019-12-07T09:37:03;25.10;;;15.35;;
24022;SDS011;12226;55.68345798;37.59173334;2019-12-07T09:39:34;28.47;;;16.42;;
24022;SDS011;12226;55.68345798;37.59173334;2019-12-07T09:42:05;29.27;;;16.57;;
24022;SDS011;12226;55.68345798;37.59173334;2019-12-07T09:44:36;28.10;;;16.05;;
24022;SDS011;12226;55.68345798;37.59173334;2019-12-07T09:47:07;30.85;;;17.65;;
24022;SDS011;12226;55.68345798;37.59173334;2019-12-07T09:49:38;29.60;;;17.25;;
24022;SDS011;12226;55.68345798;37.59173334;2019-12-07T09:52:08;26.97;;;16.15;;
24022;SDS011;12226;55.68345798;37.59173334;2019-12-07T09:54:39;28.12;;;16.45;;
24022;SDS011;12226;55.68345798;37.59173334;2019-12-07T09:57:10;31.75;;;17.73;;
24022;SDS011;12226;55.68345798;37.59173334;2019-12-07T09:59:41;29.57;;;16.55;;
24022;SDS011;12226;55.68345798;37.59173334;2019-12-07T10:02:12;29.37;;;15.98;;
24022;SDS011;12226;55.68345798;37.59173334;2019-12-07T10:04:43;29.50;;;16.73;;
24022;SDS011;12226;55.68345798;37.59173334;2019-12-07T10:07:13;27.67;;;15.90;;
24022;SDS011;12226;55.68345798;37.59173334;2019-12-07T10:09:44;31.68;;;17.98;;
24022;SDS011;12226;55.68345798;37.59173334;2019-12-07T10:12:15;33.28;;;17.70;;
24022;SDS011;12226;55.68345798;37.59173334;2019-12-07T10:14:46;29.90;;;17.27;;
24022;SDS011;12226;55.68345798;37.59173334;2019-12-07T10:17:17;34.75;;;19.32;;
24022;SDS011;12226;55.68345798;37.59173334;2019-12-07T10:19:48;32.48;;;17.55;;
24022;SDS011;12226;55.68345798;37.59173334;2019-12-07T10:22:18;28.92;;;17.48;;
24022;SDS011;12226;55.68345798;37.59173334;2019-12-07T10:24:49;30.30;;;16.48;;
24022;SDS011;12226;55.68345798;37.59173334;2019-12-07T10:27:20;27.70;;;16.32;;
24022;SDS011;12226;55.68345798;37.59173334;2019-12-07T10:29:51;31.52;;;17.50;;
24022;SDS011;12226;55.68345798;37.59173334;2019-12-07T10:32:22;28.15;;;16.42;;
24022;SDS011;12226;55.68345798;37.59173334;2019-12-07T10:34:53;34.00;;;18.35;;
24022;SDS011;12226;55.68345798;37.59173334;2019-12-07T10:37:24;30.90;;;17.55;;
24022;SDS011;12226;55.68345798;37.59173334;2019-12-07T10:39:54;30.65;;;18.60;;
24022;SDS011;12226;55.68345798;37.59173334;2019-12-07T10:42:25;30.23;;;17.70;;
24022;SDS011;12226;55.68345798;37.59173334;2019-12-07T10:44:57;27.35;;;17.98;;
24022;SDS011;12226;55.68345798;37.59173334;2019-12-07T10:47:28;26.65;;;16.27;;
24022;SDS011;12226;55.68345798;37.59173334;2019-12-07T10:50:00;34.38;;;18.55;;
24022;SDS011;12226;55.68345798;37.59173334;2019-12-07T10:52:31;28.45;;;17.15;;
24022;SDS011;12226;55.68345798;37.59173334;2019-12-07T10:55:02;30.55;;;17.45;;
24022;SDS011;12226;55.68345798;37.59173334;2019-12-07T10:57:33;30.85;;;17.45;;
24022;SDS011;12226;55.68345798;37.59173334;2019-12-07T11:00:04;29.40;;;16.67;;
24022;SDS011;12226;55.68345798;37.59173334;2019-12-07T11:02:35;28.10;;;15.93;;
24022;SDS011;12226;55.68345798;37.59173334;2019-12-07T11:05:06;25.68;;;16.10;;
24022;SDS011;12226;55.68345798;37.59173334;2019-12-07T11:07:36;30.80;;;17.30;;
24022;SDS011;12226;55.68345798;37.59173334;2019-12-07T11:10:09;27.40;;;16.27;;
24022;SDS011;12226;55.68345798;37.59173334;2019-12-07T11:12:40;25.77;;;14.95;;
24022;SDS011;12226;55.68345798;37.59173334;2019-12-07T11:15:11;28.35;;;15.23;;
24022;SDS011;12226;55.68345798;37.59173334;2019-12-07T11:17:41;27.22;;;15.18;;
24022;SDS011;12226;55.68345798;37.59173334;2019-12-07T11:20:12;26.20;;;14.25;;
24022;SDS011;12226;55.68345798;37.59173334;2019-12-07T11:22:43;25.85;;;16.02;;
24022;SDS011;12226;55.68345798;37.59173334;2019-12-07T11:25:14;25.55;;;15.30;;
24022;SDS011;12226;55.68345798;37.59173334;2019-12-07T11:27:45;29.48;;;15.60;;
24022;SDS011;12226;55.68345798;37.59173334;2019-12-07T11:30:16;27.15;;;14.63;;
24022;SDS011;12226;55.68345798;37.59173334;2019-12-07T11:32:47;26.20;;;14.87;;
24022;SDS011;12226;55.68345798;37.59173334;2019-12-07T11:35:19;25.55;;;14.20;;
24022;SDS011;12226;55.68345798;37.59173334;2019-12-07T11:37:50;26.30;;;15.53;;
24022;SDS011;12226;55.68345798;37.59173334;2019-12-07T11:40:20;24.65;;;15.23;;
24022;SDS011;12226;55.68345798;37.59173334;2019-12-07T11:42:51;26.23;;;15.53;;
24022;SDS011;12226;55.68345798;37.59173334;2019-12-07T11:45:22;23.30;;;13.88;;
24022;SDS011;12226;55.68345798;37.59173334;2019-12-07T11:50:21;24.65;;;15.55;;
24022;SDS011;12226;55.68345798;37.59173334;2019-12-07T11:52:52;23.22;;;14.80;;
24022;SDS011;12226;55.68345798;37.59173334;2019-12-07T11:55:23;24.75;;;14.30;;
24022;SDS011;12226;55.68345798;37.59173334;2019-12-07T12:00:24;22.73;;;14.58;;
24022;SDS011;12226;55.68345798;37.59173334;2019-12-07T12:05:24;28.83;;;14.45;;
24022;SDS011;12226;55.68345798;37.59173334;2019-12-07T12:07:55;25.02;;;13.38;;
24022;SDS011;12226;55.68345798;37.59173334;2019-12-07T12:10:27;21.37;;;13.78;;
24022;SDS011;12226;55.68345798;37.59173334;2019-12-07T12:12:58;24.72;;;13.95;;
24022;SDS011;12226;55.68345798;37.59173334;2019-12-07T12:15:28;33.67;;;14.73;;
24022;SDS011;12226;55.68345798;37.59173334;2019-12-07T12:17:59;25.70;;;13.40;;
24022;SDS011;12226;55.68345798;37.59173334;2019-12-07T12:20:30;30.43;;;14.70;;
24022;SDS011;12226;55.68345798;37.59173334;2019-12-07T12:23:01;23.47;;;13.00;;
24022;SDS011;12226;55.68345798;37.59173334;2019-12-07T12:25:32;25.30;;;13.45;;
24022;SDS011;12226;55.68345798;37.59173334;2019-12-07T12:28:03;26.27;;;14.85;;
24022;SDS011;12226;55.68345798;37.59173334;2019-12-07T12:30:34;27.22;;;14.33;;
24022;SDS011;12226;55.68345798;37.59173334;2019-12-07T12:33:05;24.90;;;14.00;;
24022;SDS011;12226;55.68345798;37.59173334;2019-12-07T12:35:35;23.95;;;13.78;;
24022;SDS011;12226;55.68345798;37.59173334;2019-12-07T12:38:06;24.63;;;13.80;;
24022;SDS011;12226;55.68345798;37.59173334;2019-12-07T12:40:38;23.47;;;12.78;;
24022;SDS011;12226;55.68345798;37.59173334;2019-12-07T12:43:09;21.68;;;13.18;;
24022;SDS011;12226;55.68345798;37.59173334;2019-12-07T12:45:42;23.65;;;14.15;;
24022;SDS011;12226;55.68345798;37.59173334;2019-12-07T12:48:14;23.95;;;14.15;;
24022;SDS011;12226;55.68345798;37.59173334;2019-12-07T12:51:04;26.25;;;13.40;;
24022;SDS011;12226;55.68345798;37.59173334;2019-12-07T12:53:54;26.95;;;13.53;;
24022;SDS011;12226;55.68345798;37.59173334;2019-12-07T12:56:25;20.43;;;12.80;;
24022;SDS011;12226;55.68345798;37.59173334;2019-12-07T12:58:56;26.57;;;13.05;;
24022;SDS011;12226;55.68345798;37.59173334;2019-12-07T13:01:27;26.60;;;14.30;;
24022;SDS011;12226;55.68345798;37.59173334;2019-12-07T13:03:59;25.03;;;15.20;;
24022;SDS011;12226;55.68345798;37.59173334;2019-12-07T13:06:30;22.65;;;13.93;;
24022;SDS011;12226;55.68345798;37.59173334;2019-12-07T13:09:03;25.37;;;14.13;;
24022;SDS011;12226;55.68345798;37.59173334;2019-12-07T13:11:35;25.60;;;14.45;;
24022;SDS011;12226;55.68345798;37.59173334;2019-12-07T13:14:07;25.17;;;14.23;;
24022;SDS011;12226;55.68345798;37.59173334;2019-12-07T13:16:40;23.98;;;14.13;;
24022;SDS011;12226;55.68345798;37.59173334;2019-12-07T13:19:14;23.02;;;13.72;;
24022;SDS011;12226;55.68345798;37.59173334;2019-12-07T13:21:45;23.75;;;14.28;;
24022;SDS011;12226;55.68345798;37.59173334;2019-12-07T13:24:17;29.92;;;14.83;;
24022;SDS011;12226;55.68345798;37.59173334;2019-12-07T13:26:51;30.10;;;14.85;;
24022;SDS011;12226;55.68345798;37.59173334;2019-12-07T13:31:52;25.15;;;14.23;;
24022;SDS011;12226;55.68345798;37.59173334;2019-12-07T13:34:23;24.43;;;13.68;;
24022;SDS011;12226;55.68345798;37.59173334;2019-12-07T13:36:55;25.95;;;13.75;;
24022;SDS011;12226;55.68345798;37.59173334;2019-12-07T13:39:28;25.32;;;15.35;;
24022;SDS011;12226;55.68345798;37.59173334;2019-12-07T13:42:01;28.23;;;16.30;;
24022;SDS011;12226;55.68345798;37.59173334;2019-12-07T13:47:01;27.07;;;14.73;;
24022;SDS011;12226;55.68345798;37.59173334;2019-12-07T13:49:34;27.37;;;15.10;;
24022;SDS011;12226;55.68345798;37.59173334;2019-12-07T13:52:09;25.77;;;14.40;;
24022;SDS011;12226;55.68345798;37.59173334;2019-12-07T13:57:09;29.70;;;16.48;;
24022;SDS011;12226;55.68345798;37.59173334;2019-12-07T13:59:40;25.82;;;15.40;;
24022;SDS011;12226;55.68345798;37.59173334;2019-12-07T14:02:11;34.27;;;16.00;;
24022;SDS011;12226;55.68345798;37.59173334;2019-12-07T14:04:42;28.15;;;16.25;;
24022;SDS011;12226;55.68345798;37.59173334;2019-12-07T14:07:17;27.10;;;15.93;;
24022;SDS011;12226;55.68345798;37.59173334;2019-12-07T14:12:18;29.45;;;15.80;;
24022;SDS011;12226;55.68345798;37.59173334;2019-12-07T14:14:51;31.37;;;16.32;;
24022;SDS011;12226;55.68345798;37.59173334;2019-12-07T14:17:22;30.00;;;15.65;;
24022;SDS011;12226;55.68345798;37.59173334;2019-12-07T14:19:55;31.57;;;17.15;;
24022;SDS011;12226;55.68345798;37.59173334;2019-12-07T14:22:28;30.75;;;17.10;;
24022;SDS011;12226;55.68345798;37.59173334;2019-12-07T14:25:01;32.75;;;16.87;;
24022;SDS011;12226;55.68345798;37.59173334;2019-12-07T14:27:33;32.50;;;16.75;;
24022;SDS011;12226;55.68345798;37.59173334;2019-12-07T14:30:05;29.20;;;16.00;;
24022;SDS011;12226;55.68345798;37.59173334;2019-12-07T14:32:35;29.37;;;16.57;;
24022;SDS011;12226;55.68345798;37.59173334;2019-12-07T14:35:06;32.93;;;17.55;;
24022;SDS011;12226;55.68345798;37.59173334;2019-12-07T14:37:37;29.32;;;17.82;;
24022;SDS011;12226;55.68345798;37.59173334;2019-12-07T14:40:08;34.67;;;17.73;;
24022;SDS011;12226;55.68345798;37.59173334;2019-12-07T14:42:44;29.52;;;15.85;;
24022;SDS011;12226;55.68345798;37.59173334;2019-12-07T14:45:15;35.55;;;18.07;;
24022;SDS011;12226;55.68345798;37.59173334;2019-12-07T14:47:47;23.32;;;14.03;;
24022;SDS011;12226;55.68345798;37.59173334;2019-12-07T14:50:18;29.48;;;16.30;;
24022;SDS011;12226;55.68345798;37.59173334;2019-12-07T14:52:49;31.97;;;16.55;;
24022;SDS011;12226;55.68345798;37.59173334;2019-12-07T14:55:20;34.92;;;17.23;;
24022;SDS011;12226;55.68345798;37.59173334;2019-12-07T14:57:51;34.40;;;17.42;;
24022;SDS011;12226;55.68345798;37.59173334;2019-12-07T15:00:21;31.05;;;16.90;;
24022;SDS011;12226;55.68345798;37.59173334;2019-12-07T15:03:11;31.20;;;16.82;;
24022;SDS011;12226;55.68345798;37.59173334;2019-12-07T15:05:46;28.87;;;17.67;;
24022;SDS011;12226;55.68345798;37.59173334;2019-12-07T15:08:36;31.93;;;17.52;;
24022;SDS011;12226;55.68345798;37.59173334;2019-12-07T15:11:07;32.30;;;17.20;;
24022;SDS011;12226;55.68345798;37.59173334;2019-12-07T15:13:38;30.85;;;16.15;;
24022;SDS011;12226;55.68345798;37.59173334;2019-12-07T15:16:12;27.22;;;16.27;;
24022;SDS011;12226;55.68345798;37.59173334;2019-12-07T15:18:42;33.18;;;17.55;;
24022;SDS011;12226;55.68345798;37.59173334;2019-12-07T15:21:13;35.03;;;17.75;;
24022;SDS011;12226;55.68345798;37.59173334;2019-12-07T15:23:44;28.87;;;16.52;;
24022;SDS011;12226;55.68345798;37.59173334;2019-12-07T15:26:24;33.60;;;17.85;;
24022;SDS011;12226;55.68345798;37.59173334;2019-12-07T15:28:56;22.50;;;13.37;;
24022;SDS011;12226;55.68345798;37.59173334;2019-12-07T15:31:27;29.35;;;17.48;;
24022;SDS011;12226;55.68345798;37.59173334;2019-12-07T15:33:58;30.15;;;17.57;;
24022;SDS011;12226;55.68345798;37.59173334;2019-12-07T15:36:29;30.88;;;17.67;;
24022;SDS011;12226;55.68345798;37.59173334;2019-12-07T15:39:01;32.40;;;17.75;;
24022;SDS011;12226;55.68345798;37.59173334;2019-12-07T15:41:35;33.70;;;18.12;;
24022;SDS011;12226;55.68345798;37.59173334;2019-12-07T15:44:11;35.17;;;18.07;;
24022;SDS011;12226;55.68345798;37.59173334;2019-12-07T15:46:44;31.02;;;16.93;;
24022;SDS011;12226;55.68345798;37.59173334;2019-12-07T15:49:15;31.87;;;17.65;;
24022;SDS011;12226;55.68345798;37.59173334;2019-12-07T15:56:48;36.40;;;18.15;;
24022;SDS011;12226;55.68345798;37.59173334;2019-12-07T15:59:19;32.98;;;17.48;;
24022;SDS011;12226;55.68345798;37.59173334;2019-12-07T16:01:50;33.33;;;17.65;;
24022;SDS011;12226;55.68345798;37.59173334;2019-12-07T16:04:20;34.88;;;18.07;;
24022;SDS011;12226;55.68345798;37.59173334;2019-12-07T16:09:39;34.23;;;18.52;;
24022;SDS011;12226;55.68345798;37.59173334;2019-12-07T16:12:10;31.82;;;16.00;;
24022;SDS011;12226;55.68345798;37.59173334;2019-12-07T16:14:41;34.08;;;18.23;;
24022;SDS011;12226;55.68345798;37.59173334;2019-12-07T16:17:15;36.75;;;18.67;;
24022;SDS011;12226;55.68345798;37.59173334;2019-12-07T16:22:15;36.68;;;17.62;;
24022;SDS011;12226;55.68345798;37.59173334;2019-12-07T16:24:46;34.23;;;19.10;;
24022;SDS011;12226;55.68345798;37.59173334;2019-12-07T16:27:17;32.42;;;18.15;;
24022;SDS011;12226;55.68345798;37.59173334;2019-12-07T16:29:48;32.42;;;18.00;;
24022;SDS011;12226;55.68345798;37.59173334;2019-12-07T16:32:21;32.45;;;18.82;;
24022;SDS011;12226;55.68345798;37.59173334;2019-12-07T16:34:52;33.95;;;18.40;;
24022;SDS011;12226;55.68345798;37.59173334;2019-12-07T16:37:23;31.27;;;17.70;;
24022;SDS011;12226;55.68345798;37.59173334;2019-12-07T16:39:54;34.48;;;18.57;;
24022;SDS011;12226;55.68345798;37.59173334;2019-12-07T16:42:25;38.38;;;19.52;;
24022;SDS011;12226;55.68345798;37.59173334;2019-12-07T16:44:56;37.08;;;19.05;;
24022;SDS011;12226;55.68345798;37.59173334;2019-12-07T16:47:27;37.33;;;19.73;;
24022;SDS011;12226;55.68345798;37.59173334;2019-12-07T16:50:00;39.27;;;20.75;;
24022;SDS011;12226;55.68345798;37.59173334;2019-12-07T16:55:00;31.97;;;18.73;;
24022;SDS011;12226;55.68345798;37.59173334;2019-12-07T16:57:32;34.03;;;18.57;;
24022;SDS011;12226;55.68345798;37.59173334;2019-12-07T17:00:03;36.58;;;20.25;;
24022;SDS011;12226;55.68345798;37.59173334;2019-12-07T17:02:34;35.55;;;19.55;;
24022;SDS011;12226;55.68345798;37.59173334;2019-12-07T17:05:18;33.35;;;19.87;;
24022;SDS011;12226;55.68345798;37.59173334;2019-12-07T17:08:08;34.35;;;19.05;;
24022;SDS011;12226;55.68345798;37.59173334;2019-12-07T17:10:41;31.20;;;18.37;;
24022;SDS011;12226;55.68345798;37.59173334;2019-12-07T17:13:12;35.10;;;19.77;;
24022;SDS011;12226;55.68345798;37.59173334;2019-12-07T17:15:43;36.10;;;19.23;;
24022;SDS011;12226;55.68345798;37.59173334;2019-12-07T17:18:14;40.90;;;21.35;;
24022;SDS011;12226;55.68345798;37.59173334;2019-12-07T17:20:44;39.05;;;19.30;;
24022;SDS011;12226;55.68345798;37.59173334;2019-12-07T17:23:15;36.13;;;19.27;;
24022;SDS011;12226;55.68345798;37.59173334;2019-12-07T17:25:46;34.83;;;19.48;;
24022;SDS011;12226;55.68345798;37.59173334;2019-12-07T17:28:17;35.90;;;20.60;;
24022;SDS011;12226;55.68345798;37.59173334;2019-12-07T17:30:48;36.17;;;19.95;;
24022;SDS011;12226;55.68345798;37.59173334;2019-12-07T17:33:19;34.95;;;20.50;;
24022;SDS011;12226;55.68345798;37.59173334;2019-12-07T17:35:51;37.28;;;20.12;;
24022;SDS011;12226;55.68345798;37.59173334;2019-12-07T17:38:24;32.70;;;19.07;;
24022;SDS011;12226;55.68345798;37.59173334;2019-12-07T17:40:54;33.05;;;19.48;;
24022;SDS011;12226;55.68345798;37.59173334;2019-12-07T17:43:25;31.85;;;17.10;;
24022;SDS011;12226;55.68345798;37.59173334;2019-12-07T17:45:56;33.58;;;20.15;;
24022;SDS011;12226;55.68345798;37.59173334;2019-12-07T17:48:27;30.65;;;18.87;;
24022;SDS011;12226;55.68345798;37.59173334;2019-12-07T17:51:01;38.33;;;20.20;;
24022;SDS011;12226;55.68345798;37.59173334;2019-12-07T17:56:04;39.55;;;20.72;;
24022;SDS011;12226;55.68345798;37.59173334;2019-12-07T18:01:04;36.23;;;18.98;;
24022;SDS011;12226;55.68345798;37.59173334;2019-12-07T18:11:28;34.20;;;19.98;;
24022;SDS011;12226;55.68345798;37.59173334;2019-12-07T18:19:23;35.40;;;20.35;;
24022;SDS011;12226;55.68345798;37.59173334;2019-12-07T18:27:13;34.75;;;19.10;;
24022;SDS011;12226;55.68345798;37.59173334;2019-12-07T18:37:42;37.65;;;19.05;;
24022;SDS011;12226;55.68345798;37.59173334;2019-12-07T18:40:16;33.23;;;18.87;;
24022;SDS011;12226;55.68345798;37.59173334;2019-12-07T18:45:22;35.40;;;19.45;;
24022;SDS011;12226;55.68345798;37.59173334;2019-12-07T18:47:53;33.85;;;19.70;;
24022;SDS011;12226;55.68345798;37.59173334;2019-12-07T18:50:43;36.40;;;18.98;;
24022;SDS011;12226;55.68345798;37.59173334;2019-12-07T18:55:53;35.10;;;18.98;;
24022;SDS011;12226;55.68345798;37.59173334;2019-12-07T19:01:02;35.50;;;18.32;;
24022;SDS011;12226;55.68345798;37.59173334;2019-12-07T19:03:35;31.17;;;17.98;;
24022;SDS011;12226;55.68345798;37.59173334;2019-12-07T19:06:10;33.80;;;19.87;;
24022;SDS011;12226;55.68345798;37.59173334;2019-12-07T19:11:14;34.45;;;20.02;;
24022;SDS011;12226;55.68345798;37.59173334;2019-12-07T19:13:45;32.53;;;19.40;;
24022;SDS011;12226;55.68345798;37.59173334;2019-12-07T19:18:46;35.03;;;20.17;;
24022;SDS011;12226;55.68345798;37.59173334;2019-12-07T19:23:52;33.90;;;20.48;;
24022;SDS011;12226;55.68345798;37.59173334;2019-12-07T19:28:55;33.48;;;17.80;;
24022;SDS011;12226;55.68345798;37.59173334;2019-12-07T19:31:26;33.55;;;18.87;;
24022;SDS011;12226;55.68345798;37.59173334;2019-12-07T19:34:03;32.40;;;18.60;;
24022;SDS011;12226;55.68345798;37.59173334;2019-12-07T19:36:40;35.30;;;18.55;;
24022;SDS011;12226;55.68345798;37.59173334;2019-12-07T19:39:11;32.45;;;19.60;;
24022;SDS011;12226;55.68345798;37.59173334;2019-12-07T19:41:43;32.53;;;18.00;;
24022;SDS011;12226;55.68345798;37.59173334;2019-12-07T19:44:16;31.68;;;18.50;;
24022;SDS011;12226;55.68345798;37.59173334;2019-12-07T19:46:47;35.90;;;19.55;;
24022;SDS011;12226;55.68345798;37.59173334;2019-12-07T19:49:22;35.15;;;19.42;;
24022;SDS011;12226;55.68345798;37.59173334;2019-12-07T19:51:55;30.40;;;18.15;;
24022;SDS011;12226;55.68345798;37.59173334;2019-12-07T19:54:28;30.20;;;16.27;;
24022;SDS011;12226;55.68345798;37.59173334;2019-12-07T19:57:01;31.62;;;19.45;;
24022;SDS011;12226;55.68345798;37.59173334;2019-12-07T19:59:37;30.12;;;16.80;;
24022;SDS011;12226;55.68345798;37.59173334;2019-12-07T20:07:30;32.17;;;17.07;;
24022;SDS011;12226;55.68345798;37.59173334;2019-12-07T20:10:22;30.95;;;17.55;;
24022;SDS011;12226;55.68345798;37.59173334;2019-12-07T20:15:41;28.85;;;16.60;;
24022;SDS011;12226;55.68345798;37.59173334;2019-12-07T20:20:52;29.80;;;17.73;;
24022;SDS011;12226;55.68345798;37.59173334;2019-12-07T20:23:25;32.05;;;17.50;;
24022;SDS011;12226;55.68345798;37.59173334;2019-12-07T20:28:34;32.10;;;18.75;;
24022;SDS011;12226;55.68345798;37.59173334;2019-12-07T20:31:09;32.80;;;17.17;;
24022;SDS011;12226;55.68345798;37.59173334;2019-12-07T20:36:15;35.25;;;18.95;;
24022;SDS011;12226;55.68345798;37.59173334;2019-12-07T20:38:49;38.02;;;19.90;;
24022;SDS011;12226;55.68345798;37.59173334;2019-12-07T20:41:21;30.92;;;17.95;;
24022;SDS011;12226;55.68345798;37.59173334;2019-12-07T20:43:54;34.33;;;16.48;;
24022;SDS011;12226;55.68345798;37.59173334;2019-12-07T20:46:24;31.97;;;17.45;;
24022;SDS011;12226;55.68345798;37.59173334;2019-12-07T20:54:14;30.02;;;17.75;;
24022;SDS011;12226;55.68345798;37.59173334;2019-12-07T20:56:45;30.10;;;17.85;;
24022;SDS011;12226;55.68345798;37.59173334;2019-12-07T21:01:49;28.92;;;17.15;;
24022;SDS011;12226;55.68345798;37.59173334;2019-12-07T21:04:22;28.73;;;17.82;;
24022;SDS011;12226;55.68345798;37.59173334;2019-12-07T21:06:53;29.80;;;15.68;;
24022;SDS011;12226;55.68345798;37.59173334;2019-12-07T21:11:55;30.45;;;17.42;;
24022;SDS011;12226;55.68345798;37.59173334;2019-12-07T21:14:28;24.90;;;12.60;;
24022;SDS011;12226;55.68345798;37.59173334;2019-12-07T21:19:31;31.73;;;17.17;;
24022;SDS011;12226;55.68345798;37.59173334;2019-12-07T21:24:37;28.87;;;17.15;;
24022;SDS011;12226;55.68345798;37.59173334;2019-12-07T21:27:10;32.45;;;16.90;;
24022;SDS011;12226;55.68345798;37.59173334;2019-12-07T21:29:43;30.60;;;16.82;;
24022;SDS011;12226;55.68345798;37.59173334;2019-12-07T21:34:49;31.57;;;17.52;;
24022;SDS011;12226;55.68345798;37.59173334;2019-12-07T21:37:22;34.10;;;16.95;;
24022;SDS011;12226;55.68345798;37.59173334;2019-12-07T21:39:53;31.02;;;16.87;;
24022;SDS011;12226;55.68345798;37.59173334;2019-12-07T21:44:55;30.70;;;16.93;;
24022;SDS011;12226;55.68345798;37.59173334;2019-12-07T21:49:58;30.95;;;17.92;;
24022;SDS011;12226;55.68345798;37.59173334;2019-12-07T21:57:54;30.80;;;16.45;;
24022;SDS011;12226;55.68345798;37.59173334;2019-12-07T22:00:29;28.57;;;16.42;;
24022;SDS011;12226;55.68345798;37.59173334;2019-12-07T22:03:01;24.90;;;16.05;;
24022;SDS011;12226;55.68345798;37.59173334;2019-12-07T22:05:32;28.60;;;17.35;;
24022;SDS011;12226;55.68345798;37.59173334;2019-12-07T22:08:04;28.95;;;16.57;;
24022;SDS011;12226;55.68345798;37.59173334;2019-12-07T22:13:07;27.40;;;16.40;;
24022;SDS011;12226;55.68345798;37.59173334;2019-12-07T22:18:13;29.48;;;17.30;;
24022;SDS011;12226;55.68345798;37.59173334;2019-12-07T22:23:40;29.37;;;16.90;;
24022;SDS011;12226;55.68345798;37.59173334;2019-12-07T22:26:16;29.05;;;16.55;;
24022;SDS011;12226;55.68345798;37.59173334;2019-12-07T22:31:19;29.23;;;16.45;;
24022;SDS011;12226;55.68345798;37.59173334;2019-12-07T22:43:01;28.15;;;15.93;;
24022;SDS011;12226;55.68345798;37.59173334;2019-12-07T23:03:36;28.10;;;15.60;;
24022;SDS011;12226;55.68345798;37.59173334;2019-12-07T23:11:14;28.42;;;16.45;;
24022;SDS011;12226;55.68345798;37.59173334;2019-12-07T23:13:47;30.82;;;17.02;;
24022;SDS011;12226;55.68345798;37.59173334;2019-12-07T23:21:37;27.85;;;15.38;;
24022;SDS011;12226;55.68345798;37.59173334;2019-12-07T23:29:14;29.15;;;16.73;;
24022;SDS011;12226;55.68345798;37.59173334;2019-12-07T23:34:15;26.25;;;15.40;;
24022;SDS011;12226;55.68345798;37.59173334;2019-12-07T23:39:55;25.48;;;14.43;;
24022;SDS011;12226;55.68345798;37.59173334;2019-12-07T23:50:38;27.02;;;15.75;;
24022;SDS011;12226;55.68345798;37.59173334;2019-12-07T23:53:19;29.90;;;16.42;;
24022;SDS011;12226;55.68345798;37.59173334;2019-12-07T23:55:55;31.60;;;15.45;;
24022;SDS011;12226;55.68345798;37.59173334;2019-12-08T00:06:43;22.93;;;14.23;;
24022;SDS011;12226;55.68345798;37.59173334;2019-12-08T00:21:19;26.17;;;15.83;;
24022;SDS011;12226;55.68345798;37.59173334;2019-12-08T00:27:17;26.80;;;15.08;;
24022;SDS011;12226;55.68345798;37.59173334;2019-12-08T00:32:20;25.45;;;14.85;;
24022;SDS011;12226;55.68345798;37.59173334;2019-12-08T00:39:58;23.62;;;14.87;;
24022;SDS011;12226;55.68345798;37.59173334;2019-12-08T00:42:37;27.50;;;15.95;;
24022;SDS011;12226;55.68345798;37.59173334;2019-12-08T00:45:13;26.68;;;15.08;;
24022;SDS011;12226;55.68345798;37.59173334;2019-12-08T00:50:16;28.75;;;16.50;;
24022;SDS011;12226;55.68345798;37.59173334;2019-12-08T00:52:47;33.02;;;16.52;;
24022;SDS011;12226;55.68345798;37.59173334;2019-12-08T00:57:49;26.02;;;15.78;;
24022;SDS011;12226;55.68345798;37.59173334;2019-12-08T01:05:43;30.02;;;15.23;;
24022;SDS011;12226;55.68345798;37.59173334;2019-12-08T01:10:43;27.48;;;15.70;;
24022;SDS011;12226;55.68345798;37.59173334;2019-12-08T01:13:19;25.85;;;14.78;;
24022;SDS011;12226;55.68345798;37.59173334;2019-12-08T01:21:42;26.85;;;15.43;;
24022;SDS011;12226;55.68345798;37.59173334;2019-12-08T01:27:28;27.02;;;13.80;;
24022;SDS011;12226;55.68345798;37.59173334;2019-12-08T01:32:29;24.87;;;15.58;;
24022;SDS011;12226;55.68345798;37.59173334;2019-12-08T01:37:49;29.15;;;16.45;;
24022;SDS011;12226;55.68345798;37.59173334;2019-12-08T01:40:29;25.15;;;13.83;;
24022;SDS011;12226;55.68345798;37.59173334;2019-12-08T01:45:31;27.37;;;15.68;;
24022;SDS011;12226;55.68345798;37.59173334;2019-12-08T01:48:13;23.52;;;14.68;;
24022;SDS011;12226;55.68345798;37.59173334;2019-12-08T01:50:44;29.77;;;16.70;;
24022;SDS011;12226;55.68345798;37.59173334;2019-12-08T01:55:46;25.65;;;15.00;;
24022;SDS011;12226;55.68345798;37.59173334;2019-12-08T01:58:19;28.17;;;16.17;;
24022;SDS011;12226;55.68345798;37.59173334;2019-12-08T02:00:52;27.27;;;16.67;;
24022;SDS011;12226;55.68345798;37.59173334;2019-12-08T02:03:44;25.95;;;16.15;;
24022;SDS011;12226;55.68345798;37.59173334;2019-12-08T02:08:49;27.48;;;15.80;;
24022;SDS011;12226;55.68345798;37.59173334;2019-12-08T02:11:25;27.85;;;15.72;;
24022;SDS011;12226;55.68345798;37.59173334;2019-12-08T02:13:58;25.30;;;14.95;;
24022;SDS011;12226;55.68345798;37.59173334;2019-12-08T02:16:34;28.25;;;15.63;;
24022;SDS011;12226;55.68345798;37.59173334;2019-12-08T02:19:16;25.68;;;13.45;;
24022;SDS011;12226;55.68345798;37.59173334;2019-12-08T02:21:54;28.92;;;17.20;;
24022;SDS011;12226;55.68345798;37.59173334;2019-12-08T02:24:25;27.45;;;15.88;;
24022;SDS011;12226;55.68345798;37.59173334;2019-12-08T02:26:56;28.07;;;16.42;;
24022;SDS011;12226;55.68345798;37.59173334;2019-12-08T02:37:56;28.67;;;16.57;;
24022;SDS011;12226;55.68345798;37.59173334;2019-12-08T02:51:04;30.80;;;15.75;;
24022;SDS011;12226;55.68345798;37.59173334;2019-12-08T02:57:09;25.43;;;14.28;;
24022;SDS011;12226;55.68345798;37.59173334;2019-12-08T02:59:40;30.35;;;17.73;;
24022;SDS011;12226;55.68345798;37.59173334;2019-12-08T03:07:18;29.15;;;17.42;;
24022;SDS011;12226;55.68345798;37.59173334;2019-12-08T03:09:49;26.42;;;16.97;;
24022;SDS011;12226;55.68345798;37.59173334;2019-12-08T03:17:24;27.13;;;16.87;;
24022;SDS011;12226;55.68345798;37.59173334;2019-12-08T03:19:55;29.10;;;16.45;;
24022;SDS011;12226;55.68345798;37.59173334;2019-12-08T03:22:28;31.48;;;17.55;;
24022;SDS011;12226;55.68345798;37.59173334;2019-12-08T03:25:01;32.35;;;16.65;;
24022;SDS011;12226;55.68345798;37.59173334;2019-12-08T03:27:34;30.77;;;17.02;;
24022;SDS011;12226;55.68345798;37.59173334;2019-12-08T03:30:07;27.15;;;15.98;;
24022;SDS011;12226;55.68345798;37.59173334;2019-12-08T03:32:43;29.82;;;17.90;;
24022;SDS011;12226;55.68345798;37.59173334;2019-12-08T03:35:18;29.52;;;17.60;;
24022;SDS011;12226;55.68345798;37.59173334;2019-12-08T03:37:52;28.45;;;15.75;;
24022;SDS011;12226;55.68345798;37.59173334;2019-12-08T03:40:24;28.50;;;16.75;;
24022;SDS011;12226;55.68345798;37.59173334;2019-12-08T03:48:24;32.20;;;17.95;;
24022;SDS011;12226;55.68345798;37.59173334;2019-12-08T03:50:55;29.15;;;16.93;;
24022;SDS011;12226;55.68345798;37.59173334;2019-12-08T03:53:29;23.85;;;15.65;;
24022;SDS011;12226;55.68345798;37.59173334;2019-12-08T03:56:09;26.30;;;17.37;;
24022;SDS011;12226;55.68345798;37.59173334;2019-12-08T04:04:45;31.07;;;16.82;;
24022;SDS011;12226;55.68345798;37.59173334;2019-12-08T04:09:51;31.73;;;18.20;;
24022;SDS011;12226;55.68345798;37.59173334;2019-12-08T04:12:34;29.20;;;18.05;;
24022;SDS011;12226;55.68345798;37.59173334;2019-12-08T04:17:37;26.45;;;16.73;;
24022;SDS011;12226;55.68345798;37.59173334;2019-12-08T04:22:40;30.72;;;18.57;;
24022;SDS011;12226;55.68345798;37.59173334;2019-12-08T04:27:43;27.42;;;14.40;;
24022;SDS011;12226;55.68345798;37.59173334;2019-12-08T04:32:55;29.23;;;14.23;;
24022;SDS011;12226;55.68345798;37.59173334;2019-12-08T04:35:28;30.15;;;18.20;;
24022;SDS011;12226;55.68345798;37.59173334;2019-12-08T04:37:59;28.42;;;17.77;;
24022;SDS011;12226;55.68345798;37.59173334;2019-12-08T04:40:30;32.35;;;17.85;;
24022;SDS011;12226;55.68345798;37.59173334;2019-12-08T04:45:40;31.40;;;19.45;;
24022;SDS011;12226;55.68345798;37.59173334;2019-12-08T04:53:37;29.50;;;18.10;;
24022;SDS011;12226;55.68345798;37.59173334;2019-12-08T04:56:10;31.37;;;18.82;;
24022;SDS011;12226;55.68345798;37.59173334;2019-12-08T05:04:28;32.00;;;18.73;;
24022;SDS011;12226;55.68345798;37.59173334;2019-12-08T05:17:43;31.57;;;18.95;;
24022;SDS011;12226;55.68345798;37.59173334;2019-12-08T05:22:46;35.33;;;20.92;;
24022;SDS011;12226;55.68345798;37.59173334;2019-12-08T05:25:19;35.35;;;21.30;;
24022;SDS011;12226;55.68345798;37.59173334;2019-12-08T05:31:10;29.48;;;18.02;;
24022;SDS011;12226;55.68345798;37.59173334;2019-12-08T05:36:14;34.03;;;20.32;;
24022;SDS011;12226;55.68345798;37.59173334;2019-12-08T05:38:45;34.20;;;21.12;;
24022;SDS011;12226;55.68345798;37.59173334;2019-12-08T05:43:55;36.53;;;20.92;;
24022;SDS011;12226;55.68345798;37.59173334;2019-12-08T05:48:58;39.08;;;21.57;;
24022;SDS011;12226;55.68345798;37.59173334;2019-12-08T05:51:32;36.38;;;22.45;;
24022;SDS011;12226;55.68345798;37.59173334;2019-12-08T05:54:11;38.35;;;21.82;;
24022;SDS011;12226;55.68345798;37.59173334;2019-12-08T06:04:31;33.20;;;20.45;;
24022;SDS011;12226;55.68345798;37.59173334;2019-12-08T06:12:25;33.60;;;21.15;;
24022;SDS011;12226;55.68345798;37.59173334;2019-12-08T06:17:28;33.50;;;20.80;;
24022;SDS011;12226;55.68345798;37.59173334;2019-12-08T06:22:31;38.28;;;21.73;;
24022;SDS011;12226;55.68345798;37.59173334;2019-12-08T06:25:07;35.23;;;19.85;;
24022;SDS011;12226;55.68345798;37.59173334;2019-12-08T06:27:43;41.77;;;22.98;;
24022;SDS011;12226;55.68345798;37.59173334;2019-12-08T06:36:40;35.88;;;21.62;;
24022;SDS011;12226;55.68345798;37.59173334;2019-12-08T06:39:17;33.18;;;21.75;;
24022;SDS011;12226;55.68345798;37.59173334;2019-12-08T06:41:52;37.50;;;21.52;;
24022;SDS011;12226;55.68345798;37.59173334;2019-12-08T06:44:24;33.48;;;20.92;;
24022;SDS011;12226;55.68345798;37.59173334;2019-12-08T06:49:31;36.20;;;21.05;;
24022;SDS011;12226;55.68345798;37.59173334;2019-12-08T06:52:07;38.40;;;22.25;;
24022;SDS011;12226;55.68345798;37.59173334;2019-12-08T06:54:47;34.80;;;20.92;;
24022;SDS011;12226;55.68345798;37.59173334;2019-12-08T06:57:22;34.25;;;18.60;;
24022;SDS011;12226;55.68345798;37.59173334;2019-12-08T07:02:40;35.05;;;19.92;;
24022;SDS011;12226;55.68345798;37.59173334;2019-12-08T07:05:13;33.40;;;18.42;;
24022;SDS011;12226;55.68345798;37.59173334;2019-12-08T07:10:14;36.80;;;22.58;;
24022;SDS011;12226;55.68345798;37.59173334;2019-12-08T07:12:46;38.20;;;21.48;;
24022;SDS011;12226;55.68345798;37.59173334;2019-12-08T07:20:34;33.02;;;21.80;;
24022;SDS011;12226;55.68345798;37.59173334;2019-12-08T07:28:10;36.77;;;21.45;;
24022;SDS011;12226;55.68345798;37.59173334;2019-12-08T07:36:10;32.35;;;20.68;;
24022;SDS011;12226;55.68345798;37.59173334;2019-12-08T07:46:37;34.20;;;22.00;;
24022;SDS011;12226;55.68345798;37.59173334;2019-12-08T07:51:41;32.30;;;19.98;;
24022;SDS011;12226;55.68345798;37.59173334;2019-12-08T07:57:04;31.70;;;19.45;;
24022;SDS011;12226;55.68345798;37.59173334;2019-12-08T08:02:11;35.48;;;22.58;;
24022;SDS011;12226;55.68345798;37.59173334;2019-12-08T08:04:45;33.65;;;21.48;;
24022;SDS011;12226;55.68345798;37.59173334;2019-12-08T08:10:37;32.48;;;20.72;;
24022;SDS011;12226;55.68345798;37.59173334;2019-12-08T08:13:13;30.45;;;19.75;;
24022;SDS011;12226;55.68345798;37.59173334;2019-12-08T08:18:53;34.38;;;19.55;;
24022;SDS011;12226;55.68345798;37.59173334;2019-12-08T08:21:28;36.08;;;20.77;;
24022;SDS011;12226;55.68345798;37.59173334;2019-12-08T08:26:37;31.42;;;18.95;;
24022;SDS011;12226;55.68345798;37.59173334;2019-12-08T08:29:10;35.83;;;25.27;;
24022;SDS011;12226;55.68345798;37.59173334;2019-12-08T08:31:43;35.25;;;21.68;;
24022;SDS011;12226;55.68345798;37.59173334;2019-12-08T08:36:46;33.23;;;20.02;;
24022;SDS011;12226;55.68345798;37.59173334;2019-12-08T08:55:07;31.05;;;17.65;;
24022;SDS011;12226;55.68345798;37.59173334;2019-12-08T09:05:22;38.28;;;23.50;;
24022;SDS011;12226;55.68345798;37.59173334;2019-12-08T09:13:10;31.20;;;18.98;;
24022;SDS011;12226;55.68345798;37.59173334;2019-12-08T09:26:10;29.82;;;17.40;;
24022;SDS011;12226;55.68345798;37.59173334;2019-12-08T09:28:43;30.77;;;19.30;;
24022;SDS011;12226;55.68345798;37.59173334;2019-12-08T09:31:16;27.70;;;18.37;;
24022;SDS011;12226;55.68345798;37.59173334;2019-12-08T09:33:47;29.65;;;18.65;;
24022;SDS011;12226;55.68345798;37.59173334;2019-12-08T09:36:18;32.20;;;18.45;;
24022;SDS011;12226;55.68345798;37.59173334;2019-12-08T09:38:48;31.80;;;19.65;;
24022;SDS011;12226;55.68345798;37.59173334;2019-12-08T09:46:26;30.32;;;18.85;;
24022;SDS011;12226;55.68345798;37.59173334;2019-12-08T09:48:57;35.17;;;20.97;;
24022;SDS011;12226;55.68345798;37.59173334;2019-12-08T09:51:28;33.85;;;19.73;;
24022;SDS011;12226;55.68345798;37.59173334;2019-12-08T09:53:59;34.10;;;20.95;;
24022;SDS011;12226;55.68345798;37.59173334;2019-12-08T09:56:34;32.45;;;19.85;;
24022;SDS011;12226;55.68345798;37.59173334;2019-12-08T10:04:07;27.48;;;17.48;;
24022;SDS011;12226;55.68345798;37.59173334;2019-12-08T10:06:43;30.60;;;19.30;;
24022;SDS011;12226;55.68345798;37.59173334;2019-12-08T10:09:15;32.10;;;19.55;;
24022;SDS011;12226;55.68345798;37.59173334;2019-12-08T10:11:50;36.25;;;20.23;;
24022;SDS011;12226;55.68345798;37.59173334;2019-12-08T10:21:58;31.73;;;18.77;;
24022;SDS011;12226;55.68345798;37.59173334;2019-12-08T10:32:16;31.35;;;18.00;;
24022;SDS011;12226;55.68345798;37.59173334;2019-12-08T10:37:16;31.85;;;19.62;;
24022;SDS011;12226;55.68345798;37.59173334;2019-12-08T10:45:10;30.55;;;18.55;;
24022;SDS011;12226;55.68345798;37.59173334;2019-12-08T10:53:13;30.95;;;18.60;;
24022;SDS011;12226;55.68345798;37.59173334;2019-12-08T10:58:16;33.42;;;18.95;;
24022;SDS011;12226;55.68345798;37.59173334;2019-12-08T11:00:49;31.65;;;17.57;;
24022;SDS011;12226;55.68345798;37.59173334;2019-12-08T11:03:21;33.42;;;18.45;;
24022;SDS011;12226;55.68345798;37.59173334;2019-12-08T11:05:55;30.15;;;16.95;;
24022;SDS011;12226;55.68345798;37.59173334;2019-12-08T11:13:30;28.02;;;16.17;;
24022;SDS011;12226;55.68345798;37.59173334;2019-12-08T11:16:03;32.48;;;16.17;;
24022;SDS011;12226;55.68345798;37.59173334;2019-12-08T11:18:35;27.67;;;16.75;;
24022;SDS011;12226;55.68345798;37.59173334;2019-12-08T11:21:05;31.87;;;17.85;;
24022;SDS011;12226;55.68345798;37.59173334;2019-12-08T11:23:37;28.17;;;16.57;;
24022;SDS011;12226;55.68345798;37.59173334;2019-12-08T11:31:44;25.37;;;14.55;;
24022;SDS011;12226;55.68345798;37.59173334;2019-12-08T11:34:17;25.95;;;14.83;;
24022;SDS011;12226;55.68345798;37.59173334;2019-12-08T11:36:48;29.67;;;16.05;;
24022;SDS011;12226;55.68345798;37.59173334;2019-12-08T11:42:07;24.47;;;14.00;;
24022;SDS011;12226;55.68345798;37.59173334;2019-12-08T11:44:38;28.07;;;16.55;;
24022;SDS011;12226;55.68345798;37.59173334;2019-12-08T11:47:12;30.55;;;17.02;;
24022;SDS011;12226;55.68345798;37.59173334;2019-12-08T11:52:13;27.52;;;15.40;;
24022;SDS011;12226;55.68345798;37.59173334;2019-12-08T11:54:48;24.98;;;15.08;;
24022;SDS011;12226;55.68345798;37.59173334;2019-12-08T11:57:19;26.93;;;15.15;;
24022;SDS011;12226;55.68345798;37.59173334;2019-12-08T12:07:45;31.12;;;16.35;;
24022;SDS011;12226;55.68345798;37.59173334;2019-12-08T12:10:37;23.77;;;13.03;;
24022;SDS011;12226;55.68345798;37.59173334;2019-12-08T12:15:37;25.15;;;14.20;;
24022;SDS011;12226;55.68345798;37.59173334;2019-12-08T12:18:08;22.10;;;13.55;;
24022;SDS011;12226;55.68345798;37.59173334;2019-12-08T12:20:40;25.32;;;15.20;;
24022;SDS011;12226;55.68345798;37.59173334;2019-12-08T12:23:11;23.02;;;13.43;;
24022;SDS011;12226;55.68345798;37.59173334;2019-12-08T12:28:14;21.82;;;13.40;;
24022;SDS011;12226;55.68345798;37.59173334;2019-12-08T12:30:45;23.22;;;13.85;;
24022;SDS011;12226;55.68345798;37.59173334;2019-12-08T12:33:18;23.92;;;14.05;;
24022;SDS011;12226;55.68345798;37.59173334;2019-12-08T12:35:48;26.48;;;15.13;;
24022;SDS011;12226;55.68345798;37.59173334;2019-12-08T12:38:19;25.25;;;14.20;;
24022;SDS011;12226;55.68345798;37.59173334;2019-12-08T12:40:51;21.33;;;13.13;;
24022;SDS011;12226;55.68345798;37.59173334;2019-12-08T12:48:31;23.25;;;13.60;;
24022;SDS011;12226;55.68345798;37.59173334;2019-12-08T12:56:30;21.35;;;12.45;;
24022;SDS011;12226;55.68345798;37.59173334;2019-12-08T12:59:03;20.37;;;12.43;;
24022;SDS011;12226;55.68345798;37.59173334;2019-12-08T13:01:35;23.98;;;12.80;;
24022;SDS011;12226;55.68345798;37.59173334;2019-12-08T13:04:06;22.32;;;12.10;;
24022;SDS011;12226;55.68345798;37.59173334;2019-12-08T13:06:38;20.65;;;12.30;;
24022;SDS011;12226;55.68345798;37.59173334;2019-12-08T13:11:38;20.55;;;11.50;;
24022;SDS011;12226;55.68345798;37.59173334;2019-12-08T13:14:09;21.48;;;12.70;;
24022;SDS011;12226;55.68345798;37.59173334;2019-12-08T13:16:40;21.52;;;11.95;;
24022;SDS011;12226;55.68345798;37.59173334;2019-12-08T13:30:11;22.45;;;11.22;;
24022;SDS011;12226;55.68345798;37.59173334;2019-12-08T13:32:43;19.35;;;10.60;;
24022;SDS011;12226;55.68345798;37.59173334;2019-12-08T13:40:58;18.48;;;9.50;;
24022;SDS011;12226;55.68345798;37.59173334;2019-12-08T13:48:40;16.82;;;9.73;;
24022;SDS011;12226;55.68345798;37.59173334;2019-12-08T14:02:18;17.12;;;9.78;;
24022;SDS011;12226;55.68345798;37.59173334;2019-12-08T14:07:22;16.62;;;8.63;;
24022;SDS011;12226;55.68345798;37.59173334;2019-12-08T14:09:56;17.25;;;9.40;;
24022;SDS011;12226;55.68345798;37.59173334;2019-12-08T14:14:56;17.35;;;9.28;;
24022;SDS011;12226;55.68345798;37.59173334;2019-12-08T14:20:19;17.37;;;8.78;;
24022;SDS011;12226;55.68345798;37.59173334;2019-12-08T14:29:01;14.13;;;8.30;;
24022;SDS011;12226;55.68345798;37.59173334;2019-12-08T14:44:38;14.05;;;7.83;;
24022;SDS011;12226;55.68345798;37.59173334;2019-12-08T14:47:09;12.18;;;6.58;;
24022;SDS011;12226;55.68345798;37.59173334;2019-12-08T14:49:43;13.35;;;7.78;;
24022;SDS011;12226;55.68345798;37.59173334;2019-12-08T14:57:22;10.50;;;6.42;;
24022;SDS011;12226;55.68345798;37.59173334;2019-12-08T14:59:56;11.85;;;6.45;;
24022;SDS011;12226;55.68345798;37.59173334;2019-12-08T15:02:29;10.45;;;6.75;;
24022;SDS011;12226;55.68345798;37.59173334;2019-12-08T15:05:00;12.88;;;6.22;;
24022;SDS011;12226;55.68345798;37.59173334;2019-12-08T15:07:31;12.98;;;7.90;;
24022;SDS011;12226;55.68345798;37.59173334;2019-12-08T15:12:52;10.68;;;6.70;;
24022;SDS011;12226;55.68345798;37.59173334;2019-12-08T15:15:23;11.75;;;6.58;;
24022;SDS011;12226;55.68345798;37.59173334;2019-12-08T15:17:55;14.47;;;6.65;;
24022;SDS011;12226;55.68345798;37.59173334;2019-12-08T15:23:16;12.28;;;6.03;;
24022;SDS011;12226;55.68345798;37.59173334;2019-12-08T15:25:49;11.25;;;6.20;;
24022;SDS011;12226;55.68345798;37.59173334;2019-12-08T15:31:10;9.90;;;5.28;;
24022;SDS011;12226;55.68345798;37.59173334;2019-12-08T15:33:41;8.43;;;5.20;;
24022;SDS011;12226;55.68345798;37.59173334;2019-12-08T15:38:43;8.25;;;4.58;;
24022;SDS011;12226;55.68345798;37.59173334;2019-12-08T15:41:14;6.83;;;4.30;;
24022;SDS011;12226;55.68345798;37.59173334;2019-12-08T15:43:45;9.25;;;4.40;;
24022;SDS011;12226;55.68345798;37.59173334;2019-12-08T15:46:16;8.73;;;4.37;;
24022;SDS011;12226;55.68345798;37.59173334;2019-12-08T15:48:47;9.28;;;5.03;;
24022;SDS011;12226;55.68345798;37.59173334;2019-12-08T15:51:17;6.08;;;3.75;;
24022;SDS011;12226;55.68345798;37.59173334;2019-12-08T15:56:20;5.05;;;3.33;;
24022;SDS011;12226;55.68345798;37.59173334;2019-12-08T15:58:52;9.88;;;4.62;;
24022;SDS011;12226;55.68345798;37.59173334;2019-12-08T16:01:23;7.70;;;4.17;;
24022;SDS011;12226;55.68345798;37.59173334;2019-12-08T16:03:54;6.50;;;3.58;;
24022;SDS011;12226;55.68345798;37.59173334;2019-12-08T16:06:25;7.10;;;3.65;;
24022;SDS011;12226;55.68345798;37.59173334;2019-12-08T16:08:56;6.15;;;4.03;;
24022;SDS011;12226;55.68345798;37.59173334;2019-12-08T16:11:26;8.63;;;4.40;;
24022;SDS011;12226;55.68345798;37.59173334;2019-12-08T16:13:58;7.25;;;4.33;;
24022;SDS011;12226;55.68345798;37.59173334;2019-12-08T16:16:29;7.03;;;4.00;;
24022;SDS011;12226;55.68345798;37.59173334;2019-12-08T16:19:00;6.90;;;4.05;;
24022;SDS011;12226;55.68345798;37.59173334;2019-12-08T16:21:30;7.25;;;3.47;;
24022;SDS011;12226;55.68345798;37.59173334;2019-12-08T16:24:01;5.67;;;3.62;;
24022;SDS011;12226;55.68345798;37.59173334;2019-12-08T16:26:32;7.20;;;4.22;;
24022;SDS011;12226;55.68345798;37.59173334;2019-12-08T16:29:03;7.22;;;4.30;;
24022;SDS011;12226;55.68345798;37.59173334;2019-12-08T16:31:34;9.80;;;5.47;;
24022;SDS011;12226;55.68345798;37.59173334;2019-12-08T16:34:05;8.13;;;4.15;;
24022;SDS011;12226;55.68345798;37.59173334;2019-12-08T16:36:36;8.15;;;4.85;;
24022;SDS011;12226;55.68345798;37.59173334;2019-12-08T16:39:07;9.35;;;4.33;;
24022;SDS011;12226;55.68345798;37.59173334;2019-12-08T16:41:37;13.55;;;7.20;;
24022;SDS011;12226;55.68345798;37.59173334;2019-12-08T16:44:08;9.63;;;4.95;;
24022;SDS011;12226;55.68345798;37.59173334;2019-12-08T16:46:39;7.05;;;4.17;;
24022;SDS011;12226;55.68345798;37.59173334;2019-12-08T16:49:10;8.45;;;5.10;;
24022;SDS011;12226;55.68345798;37.59173334;2019-12-08T16:51:41;8.20;;;4.42;;
24022;SDS011;12226;55.68345798;37.59173334;2019-12-08T16:54:13;7.78;;;4.00;;
24022;SDS011;12226;55.68345798;37.59173334;2019-12-08T16:56:44;6.85;;;4.20;;
24022;SDS011;12226;55.68345798;37.59173334;2019-12-08T16:59:15;8.13;;;4.70;;
24022;SDS011;12226;55.68345798;37.59173334;2019-12-08T17:01:46;8.80;;;4.45;;
24022;SDS011;12226;55.68345798;37.59173334;2019-12-08T17:04:17;7.83;;;4.70;;
24022;SDS011;12226;55.68345798;37.59173334;2019-12-08T17:07:07;7.55;;;4.40;;
24022;SDS011;12226;55.68345798;37.59173334;2019-12-08T17:09:37;8.05;;;4.50;;
24022;SDS011;12226;55.68345798;37.59173334;2019-12-08T17:12:08;7.03;;;4.67;;
24022;SDS011;12226;55.68345798;37.59173334;2019-12-08T17:14:39;6.87;;;4.35;;
24022;SDS011;12226;55.68345798;37.59173334;2019-12-08T17:17:10;7.78;;;4.15;;
24022;SDS011;12226;55.68345798;37.59173334;2019-12-08T17:19:41;7.08;;;4.62;;
24022;SDS011;12226;55.68345798;37.59173334;2019-12-08T17:22:13;7.62;;;4.37;;
24022;SDS011;12226;55.68345798;37.59173334;2019-12-08T17:24:44;7.80;;;4.35;;
24022;SDS011;12226;55.68345798;37.59173334;2019-12-08T17:27:15;8.45;;;4.65;;
24022;SDS011;12226;55.68345798;37.59173334;2019-12-08T17:29:48;9.70;;;4.42;;
24022;SDS011;12226;55.68345798;37.59173334;2019-12-08T17:32:19;8.43;;;4.03;;
24022;SDS011;12226;55.68345798;37.59173334;2019-12-08T17:34:49;6.33;;;3.83;;
24022;SDS011;12226;55.68345798;37.59173334;2019-12-08T17:37:20;7.25;;;4.22;;
24022;SDS011;12226;55.68345798;37.59173334;2019-12-08T17:39:51;9.13;;;4.50;;
24022;SDS011;12226;55.68345798;37.59173334;2019-12-08T17:42:22;7.90;;;3.72;;
24022;SDS011;12226;55.68345798;37.59173334;2019-12-08T17:44:53;7.80;;;3.75;;
24022;SDS011;12226;55.68345798;37.59173334;2019-12-08T17:47:24;5.83;;;2.98;;
24022;SDS011;12226;55.68345798;37.59173334;2019-12-08T17:49:54;4.75;;;2.50;;
24022;SDS011;12226;55.68345798;37.59173334;2019-12-08T17:52:25;5.17;;;2.60;;
24022;SDS011;12226;55.68345798;37.59173334;2019-12-08T17:54:56;4.30;;;2.87;;
24022;SDS011;12226;55.68345798;37.59173334;2019-12-08T17:57:27;5.90;;;2.87;;
24022;SDS011;12226;55.68345798;37.59173334;2019-12-08T17:59:59;6.92;;;2.90;;
24022;SDS011;12226;55.68345798;37.59173334;2019-12-08T18:02:30;7.17;;;4.47;;
24022;SDS011;12226;55.68345798;37.59173334;2019-12-08T18:05:01;26.95;;;11.08;;
24022;SDS011;12226;55.68345798;37.59173334;2019-12-08T18:07:32;7.80;;;3.40;;
24022;SDS011;12226;55.68345798;37.59173334;2019-12-08T18:10:02;9.45;;;3.83;;
24022;SDS011;12226;55.68345798;37.59173334;2019-12-08T18:12:33;8.25;;;4.00;;
24022;SDS011;12226;55.68345798;37.59173334;2019-12-08T18:15:07;5.25;;;3.08;;
24022;SDS011;12226;55.68345798;37.59173334;2019-12-08T18:17:40;8.55;;;3.60;;
24022;SDS011;12226;55.68345798;37.59173334;2019-12-08T18:20:30;5.42;;;3.60;;
24022;SDS011;12226;55.68345798;37.59173334;2019-12-08T18:23:20;6.10;;;3.70;;
24022;SDS011;12226;55.68345798;37.59173334;2019-12-08T18:26:09;5.03;;;2.37;;
24022;SDS011;12226;55.68345798;37.59173334;2019-12-08T18:28:40;4.50;;;2.83;;
24022;SDS011;12226;55.68345798;37.59173334;2019-12-08T18:31:11;5.53;;;3.15;;
24022;SDS011;12226;55.68345798;37.59173334;2019-12-08T18:33:42;5.78;;;2.75;;
24022;SDS011;12226;55.68345798;37.59173334;2019-12-08T18:36:13;3.70;;;1.98;;
24022;SDS011;12226;55.68345798;37.59173334;2019-12-08T18:38:44;4.17;;;2.45;;
24022;SDS011;12226;55.68345798;37.59173334;2019-12-08T18:41:15;3.22;;;2.10;;
24022;SDS011;12226;55.68345798;37.59173334;2019-12-08T18:43:46;3.20;;;2.15;;
24022;SDS011;12226;55.68345798;37.59173334;2019-12-08T18:46:17;3.55;;;1.82;;
24022;SDS011;12226;55.68345798;37.59173334;2019-12-08T18:48:48;5.10;;;2.40;;
24022;SDS011;12226;55.68345798;37.59173334;2019-12-08T18:51:18;5.65;;;2.50;;
24022;SDS011;12226;55.68345798;37.59173334;2019-12-08T18:53:49;4.40;;;2.40;;
24022;SDS011;12226;55.68345798;37.59173334;2019-12-08T18:56:20;3.47;;;2.10;;
24022;SDS011;12226;55.68345798;37.59173334;2019-12-08T18:58:52;3.33;;;2.10;;
24022;SDS011;12226;55.68345798;37.59173334;2019-12-08T19:01:23;7.53;;;4.15;;
24022;SDS011;12226;55.68345798;37.59173334;2019-12-08T19:03:54;5.53;;;3.05;;
24022;SDS011;12226;55.68345798;37.59173334;2019-12-08T19:06:24;5.58;;;2.02;;
24022;SDS011;12226;55.68345798;37.59173334;2019-12-08T19:11:29;3.72;;;2.30;;
24022;SDS011;12226;55.68345798;37.59173334;2019-12-08T19:14:00;4.12;;;2.17;;
24022;SDS011;12226;55.68345798;37.59173334;2019-12-08T19:16:48;4.35;;;2.42;;
24022;SDS011;12226;55.68345798;37.59173334;2019-12-08T19:19:19;5.75;;;2.33;;
24022;SDS011;12226;55.68345798;37.59173334;2019-12-08T19:21:50;4.33;;;2.30;;
24022;SDS011;12226;55.68345798;37.59173334;2019-12-08T19:29:18;6.47;;;2.47;;
24022;SDS011;12226;55.68345798;37.59173334;2019-12-08T19:31:49;3.83;;;2.20;;
24022;SDS011;12226;55.68345798;37.59173334;2019-12-08T19:34:20;8.50;;;3.80;;
24022;SDS011;12226;55.68345798;37.59173334;2019-12-08T19:36:51;6.40;;;2.72;;
24022;SDS011;12226;55.68345798;37.59173334;2019-12-08T19:41:51;8.30;;;4.10;;
24022;SDS011;12226;55.68345798;37.59173334;2019-12-08T19:44:22;5.12;;;2.52;;
24022;SDS011;12226;55.68345798;37.59173334;2019-12-08T19:46:53;4.75;;;2.20;;
24022;SDS011;12226;55.68345798;37.59173334;2019-12-08T19:49:25;5.25;;;1.95;;
24022;SDS011;12226;55.68345798;37.59173334;2019-12-08T19:54:26;2.02;;;1.35;;
24022;SDS011;12226;55.68345798;37.59173334;2019-12-08T19:56:57;3.47;;;1.82;;
24022;SDS011;12226;55.68345798;37.59173334;2019-12-08T19:59:28;5.22;;;2.10;;
24022;SDS011;12226;55.68345798;37.59173334;2019-12-08T20:01:59;2.90;;;2.00;;
24022;SDS011;12226;55.68345798;37.59173334;2019-12-08T20:04:31;3.87;;;2.00;;
24022;SDS011;12226;55.68345798;37.59173334;2019-12-08T20:07:21;3.47;;;2.20;;
24022;SDS011;12226;55.68345798;37.59173334;2019-12-08T20:10:11;6.40;;;2.20;;
24022;SDS011;12226;55.68345798;37.59173334;2019-12-08T20:12:43;6.03;;;2.93;;
24022;SDS011;12226;55.68345798;37.59173334;2019-12-08T20:15:14;2.85;;;1.80;;
24022;SDS011;12226;55.68345798;37.59173334;2019-12-08T20:17:44;6.87;;;2.98;;
24022;SDS011;12226;55.68345798;37.59173334;2019-12-08T20:20:15;5.78;;;2.20;;
24022;SDS011;12226;55.68345798;37.59173334;2019-12-08T20:22:46;3.87;;;2.37;;
24022;SDS011;12226;55.68345798;37.59173334;2019-12-08T20:25:17;4.45;;;2.55;;
24022;SDS011;12226;55.68345798;37.59173334;2019-12-08T20:27:48;4.97;;;2.37;;
24022;SDS011;12226;55.68345798;37.59173334;2019-12-08T20:30:19;6.30;;;2.47;;
24022;SDS011;12226;55.68345798;37.59173334;2019-12-08T20:32:49;5.58;;;2.40;;
24022;SDS011;12226;55.68345798;37.59173334;2019-12-08T20:35:20;6.08;;;2.60;;
24022;SDS011;12226;55.68345798;37.59173334;2019-12-08T20:37:51;5.03;;;2.27;;
24022;SDS011;12226;55.68345798;37.59173334;2019-12-08T20:40:22;4.97;;;3.15;;
24022;SDS011;12226;55.68345798;37.59173334;2019-12-08T20:42:53;4.00;;;2.05;;
24022;SDS011;12226;55.68345798;37.59173334;2019-12-08T20:45:23;3.67;;;2.05;;
24022;SDS011;12226;55.68345798;37.59173334;2019-12-08T20:47:54;7.55;;;2.92;;
24022;SDS011;12226;55.68345798;37.59173334;2019-12-08T20:50:25;6.15;;;2.60;;
24022;SDS011;12226;55.68345798;37.59173334;2019-12-08T20:52:56;4.53;;;2.08;;
24022;SDS011;12226;55.68345798;37.59173334;2019-12-08T20:55:27;3.80;;;1.80;;
24022;SDS011;12226;55.68345798;37.59173334;2019-12-08T20:57:58;2.35;;;1.32;;
24022;SDS011;12226;55.68345798;37.59173334;2019-12-08T21:00:29;2.40;;;1.70;;
24022;SDS011;12226;55.68345798;37.59173334;2019-12-08T21:03:00;3.92;;;1.40;;
24022;SDS011;12226;55.68345798;37.59173334;2019-12-08T21:05:31;3.90;;;1.45;;
24022;SDS011;12226;55.68345798;37.59173334;2019-12-08T21:08:02;2.42;;;1.62;;
24022;SDS011;12226;55.68345798;37.59173334;2019-12-08T21:10:33;5.08;;;1.50;;
24022;SDS011;12226;55.68345798;37.59173334;2019-12-08T21:13:04;2.30;;;1.42;;
24022;SDS011;12226;55.68345798;37.59173334;2019-12-08T21:15:34;2.75;;;1.30;;
24022;SDS011;12226;55.68345798;37.59173334;2019-12-08T21:18:05;1.98;;;1.30;;
24022;SDS011;12226;55.68345798;37.59173334;2019-12-08T21:20:36;3.80;;;1.75;;
24022;SDS011;12226;55.68345798;37.59173334;2019-12-08T21:23:07;3.60;;;1.70;;
24022;SDS011;12226;55.68345798;37.59173334;2019-12-08T21:25:38;8.33;;;3.58;;
24022;SDS011;12226;55.68345798;37.59173334;2019-12-08T21:28:09;3.75;;;1.45;;
24022;SDS011;12226;55.68345798;37.59173334;2019-12-08T21:30:39;2.55;;;1.65;;
24022;SDS011;12226;55.68345798;37.59173334;2019-12-08T21:33:10;3.40;;;1.70;;
24022;SDS011;12226;55.68345798;37.59173334;2019-12-08T21:35:41;5.03;;;1.60;;
24022;SDS011;12226;55.68345798;37.59173334;2019-12-08T21:38:12;6.00;;;1.70;;
24022;SDS011;12226;55.68345798;37.59173334;2019-12-08T21:40:43;2.75;;;1.47;;
24022;SDS011;12226;55.68345798;37.59173334;2019-12-08T21:43:13;5.20;;;2.12;;
24022;SDS011;12226;55.68345798;37.59173334;2019-12-08T21:45:44;4.35;;;1.50;;
24022;SDS011;12226;55.68345798;37.59173334;2019-12-08T21:48:15;4.80;;;1.67;;
24022;SDS011;12226;55.68345798;37.59173334;2019-12-08T21:50:46;3.58;;;1.65;;
24022;SDS011;12226;55.68345798;37.59173334;2019-12-08T21:53:17;4.08;;;1.50;;
24022;SDS011;12226;55.68345798;37.59173334;2019-12-08T21:55:48;5.15;;;1.60;;
24022;SDS011;12226;55.68345798;37.59173334;2019-12-08T21:58:18;4.75;;;1.82;;
24022;SDS011;12226;55.68345798;37.59173334;2019-12-08T22:00:49;2.33;;;1.30;;
24022;SDS011;12226;55.68345798;37.59173334;2019-12-08T22:03:20;3.47;;;1.67;;
24022;SDS011;12226;55.68345798;37.59173334;2019-12-08T22:05:51;3.67;;;1.32;;
24022;SDS011;12226;55.68345798;37.59173334;2019-12-08T22:08:23;3.35;;;1.50;;
24022;SDS011;12226;55.68345798;37.59173334;2019-12-08T22:11:13;1.92;;;1.30;;
24022;SDS011;12226;55.68345798;37.59173334;2019-12-08T22:16:16;3.90;;;1.55;;
24022;SDS011;12226;55.68345798;37.59173334;2019-12-08T22:18:47;4.35;;;1.42;;
24022;SDS011;12226;55.68345798;37.59173334;2019-12-08T22:21:18;3.22;;;1.50;;
24022;SDS011;12226;55.68345798;37.59173334;2019-12-08T22:23:48;2.40;;;1.40;;
24022;SDS011;12226;55.68345798;37.59173334;2019-12-08T22:26:19;3.02;;;1.57;;
24022;SDS011;12226;55.68345798;37.59173334;2019-12-08T22:28:50;5.25;;;1.92;;
24022;SDS011;12226;55.68345798;37.59173334;2019-12-08T22:31:21;4.37;;;1.80;;
24022;SDS011;12226;55.68345798;37.59173334;2019-12-08T22:33:52;3.10;;;1.57;;
24022;SDS011;12226;55.68345798;37.59173334;2019-12-08T22:36:22;3.08;;;1.62;;
24022;SDS011;12226;55.68345798;37.59173334;2019-12-08T22:38:53;4.15;;;1.70;;
24022;SDS011;12226;55.68345798;37.59173334;2019-12-08T22:41:24;8.40;;;2.83;;
24022;SDS011;12226;55.68345798;37.59173334;2019-12-08T22:43:55;4.53;;;1.57;;
24022;SDS011;12226;55.68345798;37.59173334;2019-12-08T22:46:27;3.87;;;1.32;;
24022;SDS011;12226;55.68345798;37.59173334;2019-12-08T22:48:58;2.10;;;1.27;;
24022;SDS011;12226;55.68345798;37.59173334;2019-12-08T22:51:29;3.22;;;1.60;;
24022;SDS011;12226;55.68345798;37.59173334;2019-12-08T22:53:59;4.92;;;1.67;;
24022;SDS011;12226;55.68345798;37.59173334;2019-12-08T22:56:30;3.00;;;1.67;;
24022;SDS011;12226;55.68345798;37.59173334;2019-12-08T22:59:01;2.55;;;1.40;;
24022;SDS011;12226;55.68345798;37.59173334;2019-12-08T23:01:32;2.77;;;1.70;;
24022;SDS011;12226;55.68345798;37.59173334;2019-12-08T23:04:03;3.85;;;1.80;;
24022;SDS011;12226;55.68345798;37.59173334;2019-12-08T23:06:34;3.02;;;1.67;;
24022;SDS011;12226;55.68345798;37.59173334;2019-12-08T23:09:05;4.25;;;1.95;;
24022;SDS011;12226;55.68345798;37.59173334;2019-12-08T23:11:36;6.12;;;2.45;;
24022;SDS011;12226;55.68345798;37.59173334;2019-12-08T23:14:07;2.58;;;1.37;;
24022;SDS011;12226;55.68345798;37.59173334;2019-12-08T23:16:38;2.55;;;1.65;;
24022;SDS011;12226;55.68345798;37.59173334;2019-12-08T23:19:09;6.55;;;2.30;;
24022;SDS011;12226;55.68345798;37.59173334;2019-12-08T23:21:40;5.67;;;1.95;;
24022;SDS011;12226;55.68345798;37.59173334;2019-12-08T23:24:10;3.90;;;1.82;;
24022;SDS011;12226;55.68345798;37.59173334;2019-12-08T23:26:41;2.85;;;1.60;;
24022;SDS011;12226;55.68345798;37.59173334;2019-12-08T23:29:12;4.45;;;1.70;;
24022;SDS011;12226;55.68345798;37.59173334;2019-12-08T23:31:43;2.83;;;1.50;;
24022;SDS011;12226;55.68345798;37.59173334;2019-12-08T23:34:14;5.17;;;2.65;;
24022;SDS011;12226;55.68345798;37.59173334;2019-12-08T23:36:44;2.95;;;1.60;;
24022;SDS011;12226;55.68345798;37.59173334;2019-12-08T23:39:15;3.55;;;1.87;;
24022;SDS011;12226;55.68345798;37.59173334;2019-12-08T23:41:46;3.62;;;1.85;;
24022;SDS011;12226;55.68345798;37.59173334;2019-12-08T23:44:17;6.15;;;2.50;;
24022;SDS011;12226;55.68345798;37.59173334;2019-12-08T23:47:07;4.00;;;1.75;;
24022;SDS011;12226;55.68345798;37.59173334;2019-12-08T23:49:39;3.45;;;1.90;;
24022;SDS011;12226;55.68345798;37.59173334;2019-12-08T23:52:29;5.03;;;1.90;;
24022;SDS011;12226;55.68345798;37.59173334;2019-12-08T23:55:00;4.53;;;1.90;;
24022;SDS011;12226;55.68345798;37.59173334;2019-12-08T23:57:31;3.00;;;1.90;;
24022;SDS011;12226;55.68345798;37.59173334;2019-12-09T00:00:03;5.53;;;2.00;;
24022;SDS011;12226;55.68345798;37.59173334;2019-12-09T00:02:36;4.35;;;1.52;;
24022;SDS011;12226;55.68345798;37.59173334;2019-12-09T00:05:06;8.35;;;2.95;;
24022;SDS011;12226;55.68345798;37.59173334;2019-12-09T00:07:37;8.55;;;3.83;;
24022;SDS011;12226;55.68345798;37.59173334;2019-12-09T00:10:08;4.62;;;1.77;;
24022;SDS011;12226;55.68345798;37.59173334;2019-12-09T00:12:39;5.90;;;2.40;;
24022;SDS011;12226;55.68345798;37.59173334;2019-12-09T00:15:10;4.97;;;2.08;;
24022;SDS011;12226;55.68345798;37.59173334;2019-12-09T00:17:41;6.58;;;2.10;;
24022;SDS011;12226;55.68345798;37.59173334;2019-12-09T00:20:11;8.03;;;2.60;;
24022;SDS011;12226;55.68345798;37.59173334;2019-12-09T00:22:42;2.85;;;1.90;;
24022;SDS011;12226;55.68345798;37.59173334;2019-12-09T00:25:13;4.08;;;2.12;;
24022;SDS011;12226;55.68345798;37.59173334;2019-12-09T00:27:44;5.35;;;2.50;;
24022;SDS011;12226;55.68345798;37.59173334;2019-12-09T00:30:15;5.35;;;2.77;;
24022;SDS011;12226;55.68345798;37.59173334;2019-12-09T00:32:46;6.90;;;3.00;;
24022;SDS011;12226;55.68345798;37.59173334;2019-12-09T00:35:16;5.60;;;2.37;;
24022;SDS011;12226;55.68345798;37.59173334;2019-12-09T00:37:47;7.45;;;2.30;;
24022;SDS011;12226;55.68345798;37.59173334;2019-12-09T00:40:18;5.50;;;2.70;;
24022;SDS011;12226;55.68345798;37.59173334;2019-12-09T00:42:49;5.53;;;2.30;;
24022;SDS011;12226;55.68345798;37.59173334;2019-12-09T00:45:20;5.55;;;2.30;;
24022;SDS011;12226;55.68345798;37.59173334;2019-12-09T00:47:51;5.17;;;2.30;;
24022;SDS011;12226;55.68345798;37.59173334;2019-12-09T00:50:21;5.62;;;2.00;;
24022;SDS011;12226;55.68345798;37.59173334;2019-12-09T00:52:52;5.90;;;2.33;;
24022;SDS011;12226;55.68345798;37.59173334;2019-12-09T00:55:23;6.12;;;2.00;;
24022;SDS011;12226;55.68345798;37.59173334;2019-12-09T00:57:54;4.35;;;2.22;;
24022;SDS011;12226;55.68345798;37.59173334;2019-12-09T01:00:25;5.20;;;2.12;;
24022;SDS011;12226;55.68345798;37.59173334;2019-12-09T01:03:15;3.62;;;1.98;;
24022;SDS011;12226;55.68345798;37.59173334;2019-12-09T01:05:47;5.72;;;2.37;;
24022;SDS011;12226;55.68345798;37.59173334;2019-12-09T01:08:18;5.30;;;2.50;;
24022;SDS011;12226;55.68345798;37.59173334;2019-12-09T01:10:49;6.03;;;2.75;;
24022;SDS011;12226;55.68345798;37.59173334;2019-12-09T01:13:20;7.92;;;2.60;;
24022;SDS011;12226;55.68345798;37.59173334;2019-12-09T01:15:50;8.55;;;2.87;;
24022;SDS011;12226;55.68345798;37.59173334;2019-12-09T01:18:21;6.12;;;2.80;;
24022;SDS011;12226;55.68345798;37.59173334;2019-12-09T01:20:52;8.05;;;2.77;;
24022;SDS011;12226;55.68345798;37.59173334;2019-12-09T01:23:23;8.18;;;4.05;;
24022;SDS011;12226;55.68345798;37.59173334;2019-12-09T01:25:54;6.25;;;2.80;;
24022;SDS011;12226;55.68345798;37.59173334;2019-12-09T01:28:25;7.20;;;3.52;;
24022;SDS011;12226;55.68345798;37.59173334;2019-12-09T01:30:55;9.30;;;4.50;;
24022;SDS011;12226;55.68345798;37.59173334;2019-12-09T01:33:26;6.97;;;3.10;;
24022;SDS011;12226;55.68345798;37.59173334;2019-12-09T01:35:57;5.37;;;2.72;;
24022;SDS011;12226;55.68345798;37.59173334;2019-12-09T01:38:28;6.40;;;2.87;;
24022;SDS011;12226;55.68345798;37.59173334;2019-12-09T01:40:59;6.72;;;3.40;;
24022;SDS011;12226;55.68345798;37.59173334;2019-12-09T01:43:29;6.17;;;3.37;;
24022;SDS011;12226;55.68345798;37.59173334;2019-12-09T01:46:00;7.08;;;3.75;;
24022;SDS011;12226;55.68345798;37.59173334;2019-12-09T01:48:31;7.45;;;3.10;;
24022;SDS011;12226;55.68345798;37.59173334;2019-12-09T01:51:02;5.15;;;3.00;;
24022;SDS011;12226;55.68345798;37.59173334;2019-12-09T01:53:33;7.22;;;3.37;;
24022;SDS011;12226;55.68345798;37.59173334;2019-12-09T01:56:04;8.48;;;3.30;;
24022;SDS011;12226;55.68345798;37.59173334;2019-12-09T01:58:34;7.58;;;3.02;;
24022;SDS011;12226;55.68345798;37.59173334;2019-12-09T02:01:05;7.35;;;3.83;;
24022;SDS011;12226;55.68345798;37.59173334;2019-12-09T02:03:36;10.85;;;3.20;;
24022;SDS011;12226;55.68345798;37.59173334;2019-12-09T02:06:07;6.25;;;3.25;;
24022;SDS011;12226;55.68345798;37.59173334;2019-12-09T02:08:38;9.50;;;3.80;;
24022;SDS011;12226;55.68345798;37.59173334;2019-12-09T02:11:08;10.32;;;5.42;;
24022;SDS011;12226;55.68345798;37.59173334;2019-12-09T02:13:39;6.25;;;3.40;;
24022;SDS011;12226;55.68345798;37.59173334;2019-12-09T02:16:10;6.72;;;3.95;;
24022;SDS011;12226;55.68345798;37.59173334;2019-12-09T02:18:41;8.93;;;4.00;;
24022;SDS011;12226;55.68345798;37.59173334;2019-12-09T02:21:12;6.35;;;3.77;;
24022;SDS011;12226;55.68345798;37.59173334;2019-12-09T02:23:43;7.58;;;3.87;;
24022;SDS011;12226;55.68345798;37.59173334;2019-12-09T02:26:13;7.28;;;3.65;;
24022;SDS011;12226;55.68345798;37.59173334;2019-12-09T02:28:44;7.55;;;3.98;;
24022;SDS011;12226;55.68345798;37.59173334;2019-12-09T02:31:15;10.20;;;4.35;;
24022;SDS011;12226;55.68345798;37.59173334;2019-12-09T02:33:46;10.15;;;4.20;;
24022;SDS011;12226;55.68345798;37.59173334;2019-12-09T02:36:17;5.58;;;3.47;;
24022;SDS011;12226;55.68345798;37.59173334;2019-12-09T02:39:07;8.48;;;4.67;;
24022;SDS011;12226;55.68345798;37.59173334;2019-12-09T02:41:57;15.72;;;6.97;;
24022;SDS011;12226;55.68345798;37.59173334;2019-12-09T02:44:27;10.05;;;4.92;;
24022;SDS011;12226;55.68345798;37.59173334;2019-12-09T02:46:58;8.38;;;5.28;;
24022;SDS011;12226;55.68345798;37.59173334;2019-12-09T02:49:29;9.68;;;4.50;;
24022;SDS011;12226;55.68345798;37.59173334;2019-12-09T02:52:00;7.03;;;4.55;;
24022;SDS011;12226;55.68345798;37.59173334;2019-12-09T02:54:31;8.23;;;4.75;;
24022;SDS011;12226;55.68345798;37.59173334;2019-12-09T02:57:02;10.00;;;4.15;;
24022;SDS011;12226;55.68345798;37.59173334;2019-12-09T02:59:33;9.43;;;4.42;;
24022;SDS011;12226;55.68345798;37.59173334;2019-12-09T03:02:04;9.88;;;5.00;;
24022;SDS011;12226;55.68345798;37.59173334;2019-12-09T03:04:34;10.93;;;4.65;;
24022;SDS011;12226;55.68345798;37.59173334;2019-12-09T03:07:05;7.10;;;4.90;;
24022;SDS011;12226;55.68345798;37.59173334;2019-12-09T03:09:36;8.23;;;4.22;;
24022;SDS011;12226;55.68345798;37.59173334;2019-12-09T03:12:07;8.03;;;5.33;;
24022;SDS011;12226;55.68345798;37.59173334;2019-12-09T03:14:38;8.48;;;4.50;;
24022;SDS011;12226;55.68345798;37.59173334;2019-12-09T03:17:09;10.53;;;5.40;;
24022;SDS011;12226;55.68345798;37.59173334;2019-12-09T03:19:41;11.93;;;4.97;;
24022;SDS011;12226;55.68345798;37.59173334;2019-12-09T03:22:13;9.00;;;5.20;;
24022;SDS011;12226;55.68345798;37.59173334;2019-12-09T03:24:44;8.95;;;5.22;;
24022;SDS011;12226;55.68345798;37.59173334;2019-12-09T03:27:17;8.58;;;5.33;;
24022;SDS011;12226;55.68345798;37.59173334;2019-12-09T03:30:07;9.50;;;5.95;;
24022;SDS011;12226;55.68345798;37.59173334;2019-12-09T03:32:39;11.65;;;6.15;;
24022;SDS011;12226;55.68345798;37.59173334;2019-12-09T03:35:10;9.93;;;5.97;;
24022;SDS011;12226;55.68345798;37.59173334;2019-12-09T03:37:41;12.60;;;6.55;;
24022;SDS011;12226;55.68345798;37.59173334;2019-12-09T03:40:11;10.48;;;6.47;;
24022;SDS011;12226;55.68345798;37.59173334;2019-12-09T03:42:45;10.72;;;6.33;;
24022;SDS011;12226;55.68345798;37.59173334;2019-12-09T03:45:17;11.45;;;6.60;;
24022;SDS011;12226;55.68345798;37.59173334;2019-12-09T03:47:48;12.00;;;6.40;;
24022;SDS011;12226;55.68345798;37.59173334;2019-12-09T03:50:20;10.10;;;6.40;;
24022;SDS011;12226;55.68345798;37.59173334;2019-12-09T03:52:54;11.00;;;6.30;;
24022;SDS011;12226;55.68345798;37.59173334;2019-12-09T03:55:27;10.55;;;6.25;;
24022;SDS011;12226;55.68345798;37.59173334;2019-12-09T03:57:58;11.43;;;7.62;;
24022;SDS011;12226;55.68345798;37.59173334;2019-12-09T04:00:30;13.38;;;7.28;;
24022;SDS011;12226;55.68345798;37.59173334;2019-12-09T04:03:03;11.83;;;6.65;;
24022;SDS011;12226;55.68345798;37.59173334;2019-12-09T04:05:37;11.35;;;7.65;;
24022;SDS011;12226;55.68345798;37.59173334;2019-12-09T04:08:09;10.53;;;6.58;;
24022;SDS011;12226;55.68345798;37.59173334;2019-12-09T04:10:40;13.28;;;7.45;;
24022;SDS011;12226;55.68345798;37.59173334;2019-12-09T04:13:11;12.78;;;7.20;;
24022;SDS011;12226;55.68345798;37.59173334;2019-12-09T04:15:42;12.43;;;7.42;;
24022;SDS011;12226;55.68345798;37.59173334;2019-12-09T04:18:13;11.88;;;7.22;;
24022;SDS011;12226;55.68345798;37.59173334;2019-12-09T04:20:44;11.08;;;7.30;;
24022;SDS011;12226;55.68345798;37.59173334;2019-12-09T04:23:14;12.82;;;7.45;;
24022;SDS011;12226;55.68345798;37.59173334;2019-12-09T04:25:45;11.75;;;7.53;;
24022;SDS011;12226;55.68345798;37.59173334;2019-12-09T04:28:16;12.95;;;8.43;;
24022;SDS011;12226;55.68345798;37.59173334;2019-12-09T04:30:48;12.82;;;7.42;;
24022;SDS011;12226;55.68345798;37.59173334;2019-12-09T04:33:20;11.40;;;8.10;;
24022;SDS011;12226;55.68345798;37.59173334;2019-12-09T04:35:53;12.13;;;7.83;;
24022;SDS011;12226;55.68345798;37.59173334;2019-12-09T04:38:26;14.07;;;8.80;;
24022;SDS011;12226;55.68345798;37.59173334;2019-12-09T04:46:43;14.83;;;8.65;;
24022;SDS011;12226;55.68345798;37.59173334;2019-12-09T04:57:22;13.45;;;8.50;;
24022;SDS011;12226;55.68345798;37.59173334;2019-12-09T04:59:53;12.63;;;8.10;;
24022;SDS011;12226;55.68345798;37.59173334;2019-12-09T05:02:28;13.75;;;7.97;;
24022;SDS011;12226;55.68345798;37.59173334;2019-12-09T05:07:31;16.35;;;9.05;;
24022;SDS011;12226;55.68345798;37.59173334;2019-12-09T05:10:07;14.47;;;9.38;;
24022;SDS011;12226;55.68345798;37.59173334;2019-12-09T05:12:38;13.20;;;9.50;;
24022;SDS011;12226;55.68345798;37.59173334;2019-12-09T05:15:09;12.43;;;9.00;;
24022;SDS011;12226;55.68345798;37.59173334;2019-12-09T05:17:43;13.55;;;9.18;;
24022;SDS011;12226;55.68345798;37.59173334;2019-12-09T05:22:43;13.22;;;8.18;;
24022;SDS011;12226;55.68345798;37.59173334;2019-12-09T05:27:46;18.15;;;10.05;;
24022;SDS011;12226;55.68345798;37.59173334;2019-12-09T05:30:19;14.28;;;10.20;;
24022;SDS011;12226;55.68345798;37.59173334;2019-12-09T05:35:19;17.05;;;10.85;;
24022;SDS011;12226;55.68345798;37.59173334;2019-12-09T05:37:50;15.75;;;9.63;;
24022;SDS011;12226;55.68345798;37.59173334;2019-12-09T05:42:50;16.75;;;10.88;;
24022;SDS011;12226;55.68345798;37.59173334;2019-12-09T05:45:22;14.53;;;9.98;;
24022;SDS011;12226;55.68345798;37.59173334;2019-12-09T05:50:22;17.85;;;11.08;;
24022;SDS011;12226;55.68345798;37.59173334;2019-12-09T05:52:55;15.13;;;9.70;;
24022;SDS011;12226;55.68345798;37.59173334;2019-12-09T05:57:58;18.65;;;10.08;;
24022;SDS011;12226;55.68345798;37.59173334;2019-12-09T06:03:01;16.87;;;11.70;;
24022;SDS011;12226;55.68345798;37.59173334;2019-12-09T06:08:04;17.35;;;11.08;;
24022;SDS011;12226;55.68345798;37.59173334;2019-12-09T06:13:09;15.83;;;11.43;;
24022;SDS011;12226;55.68345798;37.59173334;2019-12-09T06:18:13;17.98;;;11.43;;
24022;SDS011;12226;55.68345798;37.59173334;2019-12-09T06:23:16;17.10;;;11.70;;
24022;SDS011;12226;55.68345798;37.59173334;2019-12-09T06:25:47;17.92;;;11.70;;
24022;SDS011;12226;55.68345798;37.59173334;2019-12-09T06:30:49;16.57;;;11.65;;
24022;SDS011;12226;55.68345798;37.59173334;2019-12-09T06:33:20;16.93;;;11.60;;
24022;SDS011;12226;55.68345798;37.59173334;2019-12-09T06:35:51;15.38;;;11.03;;
24022;SDS011;12226;55.68345798;37.59173334;2019-12-09T06:38:25;18.32;;;11.30;;
24022;SDS011;12226;55.68345798;37.59173334;2019-12-09T06:43:28;18.25;;;11.18;;
24022;SDS011;12226;55.68345798;37.59173334;2019-12-09T06:48:34;19.27;;;11.35;;
24022;SDS011;12226;55.68345798;37.59173334;2019-12-09T06:53:36;16.25;;;11.63;;
24022;SDS011;12226;55.68345798;37.59173334;2019-12-09T06:58:40;16.50;;;11.53;;
24022;SDS011;12226;55.68345798;37.59173334;2019-12-09T07:03:43;19.12;;;11.20;;
24022;SDS011;12226;55.68345798;37.59173334;2019-12-09T07:06:14;19.48;;;10.90;;
24022;SDS011;12226;55.68345798;37.59173334;2019-12-09T07:08:46;16.23;;;9.93;;
24022;SDS011;12226;55.68345798;37.59173334;2019-12-09T07:13:48;15.70;;;10.90;;
24022;SDS011;12226;55.68345798;37.59173334;2019-12-09T07:18:52;16.37;;;10.53;;
24022;SDS011;12226;55.68345798;37.59173334;2019-12-09T07:21:23;16.77;;;10.70;;
24022;SDS011;12226;55.68345798;37.59173334;2019-12-09T07:23:55;17.17;;;10.65;;
24022;SDS011;12226;55.68345798;37.59173334;2019-12-09T07:26:26;15.10;;;10.43;;
24022;SDS011;12226;55.68345798;37.59173334;2019-12-09T07:31:51;16.05;;;11.05;;
24022;SDS011;12226;55.68345798;37.59173334;2019-12-09T07:34:22;16.82;;;10.50;;
24022;SDS011;12226;55.68345798;37.59173334;2019-12-09T07:36:52;16.52;;;11.03;;
24022;SDS011;12226;55.68345798;37.59173334;2019-12-09T07:39:23;15.85;;;10.80;;
24022;SDS011;12226;55.68345798;37.59173334;2019-12-09T07:44:25;15.83;;;10.88;;
24022;SDS011;12226;55.68345798;37.59173334;2019-12-09T07:46:58;16.75;;;10.55;;
24022;SDS011;12226;55.68345798;37.59173334;2019-12-09T07:54:31;14.98;;;10.03;;
24022;SDS011;12226;55.68345798;37.59173334;2019-12-09T07:59:32;14.93;;;10.55;;
24022;SDS011;12226;55.68345798;37.59173334;2019-12-09T08:04:58;19.80;;;11.18;;
24022;SDS011;12226;55.68345798;37.59173334;2019-12-09T08:07:31;16.25;;;9.88;;
24022;SDS011;12226;55.68345798;37.59173334;2019-12-09T08:10:04;15.58;;;11.03;;
24022;SDS011;12226;55.68345798;37.59173334;2019-12-09T08:12:37;14.78;;;10.63;;
24022;SDS011;12226;55.68345798;37.59173334;2019-12-09T08:15:10;17.37;;;11.20;;
24022;SDS011;12226;55.68345798;37.59173334;2019-12-09T08:17:43;16.40;;;9.90;;
24022;SDS011;12226;55.68345798;37.59173334;2019-12-09T08:20:16;15.78;;;10.48;;
24022;SDS011;12226;55.68345798;37.59173334;2019-12-09T08:22:47;16.70;;;10.58;;
24022;SDS011;12226;55.68345798;37.59173334;2019-12-09T08:27:49;16.50;;;10.82;;
24022;SDS011;12226;55.68345798;37.59173334;2019-12-09T08:30:21;15.90;;;10.60;;
24022;SDS011;12226;55.68345798;37.59173334;2019-12-09T08:32:52;16.57;;;10.75;;
24022;SDS011;12226;55.68345798;37.59173334;2019-12-09T08:37:55;17.62;;;10.68;;
24022;SDS011;12226;55.68345798;37.59173334;2019-12-09T08:40:28;15.58;;;10.40;;
24022;SDS011;12226;55.68345798;37.59173334;2019-12-09T08:43:01;14.70;;;8.73;;
24022;SDS011;12226;55.68345798;37.59173334;2019-12-09T08:45:34;17.07;;;10.90;;
24022;SDS011;12226;55.68345798;37.59173334;2019-12-09T08:48:07;16.93;;;10.68;;
24022;SDS011;12226;55.68345798;37.59173334;2019-12-09T08:53:10;16.97;;;10.20;;
24022;SDS011;12226;55.68345798;37.59173334;2019-12-09T09:00:43;13.35;;;9.18;;
24022;SDS011;12226;55.68345798;37.59173334;2019-12-09T09:03:14;18.60;;;10.72;;
24022;SDS011;12226;55.68345798;37.59173334;2019-12-09T09:05:45;18.98;;;10.58;;
24022;SDS011;12226;55.68345798;37.59173334;2019-12-09T09:10:49;17.10;;;9.75;;
24022;SDS011;12226;55.68345798;37.59173334;2019-12-09T09:24:13;12.20;;;8.18;;
24022;SDS011;12226;55.68345798;37.59173334;2019-12-09T09:26:43;13.28;;;9.28;;
24022;SDS011;12226;55.68345798;37.59173334;2019-12-09T09:29:14;12.85;;;8.45;;
24022;SDS011;12226;55.68345798;37.59173334;2019-12-09T09:34:21;16.65;;;9.45;;
24022;SDS011;12226;55.68345798;37.59173334;2019-12-09T09:36:52;12.33;;;8.25;;
24022;SDS011;12226;55.68345798;37.59173334;2019-12-09T09:39:25;13.93;;;8.70;;
24022;SDS011;12226;55.68345798;37.59173334;2019-12-09T09:44:28;14.53;;;9.03;;
24022;SDS011;12226;55.68345798;37.59173334;2019-12-09T09:49:30;12.93;;;9.13;;
24022;SDS011;12226;55.68345798;37.59173334;2019-12-09T09:54:34;14.70;;;9.38;;
24022;SDS011;12226;55.68345798;37.59173334;2019-12-09T09:59:37;14.95;;;9.40;;
24022;SDS011;12226;55.68345798;37.59173334;2019-12-09T10:04:40;14.23;;;9.83;;
24022;SDS011;12226;55.68345798;37.59173334;2019-12-09T10:09:42;13.03;;;9.68;;
24022;SDS011;12226;55.68345798;37.59173334;2019-12-09T10:12:13;17.30;;;10.08;;
24022;SDS011;12226;55.68345798;37.59173334;2019-12-09T10:14:44;12.98;;;9.78;;
24022;SDS011;12226;55.68345798;37.59173334;2019-12-09T10:17:14;17.87;;;10.00;;
24022;SDS011;12226;55.68345798;37.59173334;2019-12-09T10:22:14;14.30;;;9.05;;
24022;SDS011;12226;55.68345798;37.59173334;2019-12-09T10:24:45;14.13;;;9.98;;
24022;SDS011;12226;55.68345798;37.59173334;2019-12-09T10:27:19;17.30;;;9.73;;
24022;SDS011;12226;55.68345798;37.59173334;2019-12-09T10:32:21;16.50;;;10.03;;
24022;SDS011;12226;55.68345798;37.59173334;2019-12-09T10:34:52;17.67;;;9.60;;
24022;SDS011;12226;55.68345798;37.59173334;2019-12-09T10:37:23;18.70;;;10.80;;
24022;SDS011;12226;55.68345798;37.59173334;2019-12-09T10:42:25;17.15;;;10.55;;
24022;SDS011;12226;55.68345798;37.59173334;2019-12-09T10:47:28;13.72;;;9.58;;
24022;SDS011;12226;55.68345798;37.59173334;2019-12-09T10:52:31;15.00;;;9.70;;
24022;SDS011;12226;55.68345798;37.59173334;2019-12-09T10:57:37;13.70;;;9.40;;
24022;SDS011;12226;55.68345798;37.59173334;2019-12-09T11:02:40;17.23;;;11.05;;
24022;SDS011;12226;55.68345798;37.59173334;2019-12-09T11:07:42;15.30;;;11.10;;
24022;SDS011;12226;55.68345798;37.59173334;2019-12-09T11:12:46;18.20;;;12.18;;
24022;SDS011;12226;55.68345798;37.59173334;2019-12-09T11:17:49;18.10;;;10.80;;
24022;SDS011;12226;55.68345798;37.59173334;2019-12-09T11:20:20;17.62;;;10.53;;
24022;SDS011;12226;55.68345798;37.59173334;2019-12-09T11:22:51;16.97;;;11.53;;
24022;SDS011;12226;55.68345798;37.59173334;2019-12-09T11:25:22;16.27;;;11.83;;
24022;SDS011;12226;55.68345798;37.59173334;2019-12-09T11:27:55;18.55;;;12.25;;
24022;SDS011;12226;55.68345798;37.59173334;2019-12-09T11:32:57;16.73;;;11.33;;
24022;SDS011;12226;55.68345798;37.59173334;2019-12-09T11:35:28;18.02;;;11.28;;
24022;SDS011;12226;55.68345798;37.59173334;2019-12-09T11:37:59;17.82;;;11.65;;
24022;SDS011;12226;55.68345798;37.59173334;2019-12-09T11:40:49;16.35;;;10.85;;
24022;SDS011;12226;55.68345798;37.59173334;2019-12-09T11:43:22;14.73;;;10.48;;
24022;SDS011;12226;55.68345798;37.59173334;2019-12-09T11:48:24;17.62;;;11.53;;
24022;SDS011;12226;55.68345798;37.59173334;2019-12-09T11:53:27;17.82;;;11.38;;
24022;SDS011;12226;55.68345798;37.59173334;2019-12-09T11:58:31;19.92;;;12.80;;
24022;SDS011;12226;55.68345798;37.59173334;2019-12-09T12:03:37;18.55;;;12.53;;
24022;SDS011;12226;55.68345798;37.59173334;2019-12-09T12:08:39;17.02;;;12.28;;
24022;SDS011;12226;55.68345798;37.59173334;2019-12-09T12:13:43;20.23;;;12.37;;
24022;SDS011;12226;55.68345798;37.59173334;2019-12-09T12:18:46;17.80;;;11.40;;
24022;SDS011;12226;55.68345798;37.59173334;2019-12-09T12:23:49;18.05;;;12.53;;
24022;SDS011;12226;55.68345798;37.59173334;2019-12-09T12:26:20;19.57;;;13.32;;
24022;SDS011;12226;55.68345798;37.59173334;2019-12-09T12:28:51;23.77;;;13.98;;
24022;SDS011;12226;55.68345798;37.59173334;2019-12-09T12:31:22;19.85;;;13.95;;
24022;SDS011;12226;55.68345798;37.59173334;2019-12-09T12:36:25;23.55;;;16.12;;
24022;SDS011;12226;55.68345798;37.59173334;2019-12-09T12:41:31;23.90;;;15.98;;
24022;SDS011;12226;55.68345798;37.59173334;2019-12-09T12:46:34;25.90;;;16.23;;
24022;SDS011;12226;55.68345798;37.59173334;2019-12-09T12:51:36;30.50;;;19.70;;
24022;SDS011;12226;55.68345798;37.59173334;2019-12-09T12:56:40;29.32;;;17.10;;
24022;SDS011;12226;55.68345798;37.59173334;2019-12-09T13:01:43;23.57;;;15.70;;
24022;SDS011;12226;55.68345798;37.59173334;2019-12-09T13:06:46;23.35;;;16.20;;
24022;SDS011;12226;55.68345798;37.59173334;2019-12-09T13:11:49;27.82;;;16.42;;
24022;SDS011;12226;55.68345798;37.59173334;2019-12-09T13:14:20;25.90;;;16.02;;
24022;SDS011;12226;55.68345798;37.59173334;2019-12-09T13:16:51;25.57;;;16.67;;
24022;SDS011;12226;55.68345798;37.59173334;2019-12-09T13:21:52;25.12;;;16.65;;
24022;SDS011;12226;55.68345798;37.59173334;2019-12-09T13:24:23;22.42;;;13.10;;
24022;SDS011;12226;55.68345798;37.59173334;2019-12-09T13:26:58;25.72;;;16.30;;
24022;SDS011;12226;55.68345798;37.59173334;2019-12-09T13:32:04;27.55;;;16.60;;
24022;SDS011;12226;55.68345798;37.59173334;2019-12-09T13:37:07;25.70;;;16.32;;
24022;SDS011;12226;55.68345798;37.59173334;2019-12-09T13:42:10;25.23;;;15.90;;
24022;SDS011;12226;55.68345798;37.59173334;2019-12-09T13:47:13;29.60;;;17.48;;
24022;SDS011;12226;55.68345798;37.59173334;2019-12-09T13:49:44;29.48;;;18.17;;
24022;SDS011;12226;55.68345798;37.59173334;2019-12-09T13:54:46;24.70;;;16.20;;
24022;SDS011;12226;55.68345798;37.59173334;2019-12-09T13:59:49;30.02;;;17.50;;
24022;SDS011;12226;55.68345798;37.59173334;2019-12-09T14:02:20;36.38;;;21.57;;
24022;SDS011;12226;55.68345798;37.59173334;2019-12-09T14:04:51;27.13;;;17.60;;
24022;SDS011;12226;55.68345798;37.59173334;2019-12-09T14:07:25;26.60;;;15.32;;
24022;SDS011;12226;55.68345798;37.59173334;2019-12-09T14:12:28;27.82;;;20.15;;
24022;SDS011;12226;55.68345798;37.59173334;2019-12-09T14:17:52;26.27;;;16.52;;
24022;SDS011;12226;55.68345798;37.59173334;2019-12-09T14:20:23;22.85;;;14.60;;
24022;SDS011;12226;55.68345798;37.59173334;2019-12-09T14:22:54;24.15;;;14.73;;
24022;SDS011;12226;55.68345798;37.59173334;2019-12-09T14:32:58;26.70;;;16.00;;
24022;SDS011;12226;55.68345798;37.59173334;2019-12-09T14:38:22;29.30;;;16.55;;
24022;SDS011;12226;55.68345798;37.59173334;2019-12-09T14:40:53;27.90;;;17.48;;
24022;SDS011;12226;55.68345798;37.59173334;2019-12-09T14:43:25;27.15;;;17.92;;
24022;SDS011;12226;55.68345798;37.59173334;2019-12-09T14:48:28;28.05;;;16.82;;
24022;SDS011;12226;55.68345798;37.59173334;2019-12-09T14:53:31;30.10;;;17.02;;
24022;SDS011;12226;55.68345798;37.59173334;2019-12-09T14:58:34;26.35;;;17.32;;
24022;SDS011;12226;55.68345798;37.59173334;2019-12-09T15:03:37;30.62;;;17.25;;
24022;SDS011;12226;55.68345798;37.59173334;2019-12-09T15:08:40;25.37;;;16.30;;
24022;SDS011;12226;55.68345798;37.59173334;2019-12-09T15:13:43;27.75;;;15.88;;
24022;SDS011;12226;55.68345798;37.59173334;2019-12-09T15:18:46;24.77;;;16.90;;
24022;SDS011;12226;55.68345798;37.59173334;2019-12-09T15:23:49;24.27;;;16.17;;
24022;SDS011;12226;55.68345798;37.59173334;2019-12-09T15:26:20;24.15;;;16.80;;
24022;SDS011;12226;55.68345798;37.59173334;2019-12-09T15:28:51;25.50;;;16.20;;
24022;SDS011;12226;55.68345798;37.59173334;2019-12-09T15:33:52;23.92;;;16.65;;
24022;SDS011;12226;55.68345798;37.59173334;2019-12-09T15:36:23;31.10;;;17.35;;
24022;SDS011;12226;55.68345798;37.59173334;2019-12-09T15:38:54;31.87;;;17.40;;
24022;SDS011;12226;55.68345798;37.59173334;2019-12-09T15:41:25;25.57;;;16.27;;
24022;SDS011;12226;55.68345798;37.59173334;2019-12-09T15:43:58;26.87;;;16.07;;
24022;SDS011;12226;55.68345798;37.59173334;2019-12-09T15:49:01;27.58;;;16.27;;
24022;SDS011;12226;55.68345798;37.59173334;2019-12-09T15:54:04;25.08;;;16.85;;
24022;SDS011;12226;55.68345798;37.59173334;2019-12-09T15:59:06;25.32;;;16.02;;
24022;SDS011;12226;55.68345798;37.59173334;2019-12-09T16:01:37;27.82;;;16.80;;
24022;SDS011;12226;55.68345798;37.59173334;2019-12-09T16:04:10;24.95;;;15.88;;
24022;SDS011;12226;55.68345798;37.59173334;2019-12-09T16:09:13;25.62;;;16.00;;
24022;SDS011;12226;55.68345798;37.59173334;2019-12-09T16:11:46;29.10;;;17.15;;
24022;SDS011;12226;55.68345798;37.59173334;2019-12-09T16:14:19;28.23;;;17.82;;
24022;SDS011;12226;55.68345798;37.59173334;2019-12-09T16:16:52;27.52;;;17.55;;
24022;SDS011;12226;55.68345798;37.59173334;2019-12-09T16:19:23;26.77;;;16.75;;
24022;SDS011;12226;55.68345798;37.59173334;2019-12-09T16:21:54;25.05;;;16.93;;
24022;SDS011;12226;55.68345798;37.59173334;2019-12-09T16:24:25;25.60;;;17.20;;
24022;SDS011;12226;55.68345798;37.59173334;2019-12-09T16:29:28;26.80;;;16.50;;
24022;SDS011;12226;55.68345798;37.59173334;2019-12-09T16:32:01;25.35;;;16.57;;
24022;SDS011;12226;55.68345798;37.59173334;2019-12-09T16:34:32;28.75;;;15.78;;
24022;SDS011;12226;55.68345798;37.59173334;2019-12-09T16:42:10;24.82;;;15.35;;
24022;SDS011;12226;55.68345798;37.59173334;2019-12-09T16:44:43;22.73;;;15.30;;
24022;SDS011;12226;55.68345798;37.59173334;2019-12-09T16:47:16;23.75;;;15.65;;
24022;SDS011;12226;55.68345798;37.59173334;2019-12-09T16:49:49;23.00;;;15.08;;
24022;SDS011;12226;55.68345798;37.59173334;2019-12-09T16:52:20;28.17;;;16.80;;
24022;SDS011;12226;55.68345798;37.59173334;2019-12-09T16:54:51;24.43;;;14.65;;
24022;SDS011;12226;55.68345798;37.59173334;2019-12-09T16:57:22;24.40;;;15.63;;
24022;SDS011;12226;55.68345798;37.59173334;2019-12-09T17:02:22;21.27;;;14.20;;
24022;SDS011;12226;55.68345798;37.59173334;2019-12-09T17:07:47;25.52;;;15.88;;
24022;SDS011;12226;55.68345798;37.59173334;2019-12-09T17:12:48;22.98;;;15.70;;
24022;SDS011;12226;55.68345798;37.59173334;2019-12-09T17:15:19;24.47;;;16.27;;
24022;SDS011;12226;55.68345798;37.59173334;2019-12-09T17:20:19;23.32;;;15.65;;
24022;SDS011;12226;55.68345798;37.59173334;2019-12-09T17:25:22;24.07;;;15.43;;
24022;SDS011;12226;55.68345798;37.59173334;2019-12-09T17:27:55;23.50;;;14.95;;
24022;SDS011;12226;55.68345798;37.59173334;2019-12-09T17:30:28;21.70;;;13.78;;
24022;SDS011;12226;55.68345798;37.59173334;2019-12-09T17:35:31;24.02;;;15.32;;
24022;SDS011;12226;55.68345798;37.59173334;2019-12-09T17:40:34;19.70;;;13.22;;
24022;SDS011;12226;55.68345798;37.59173334;2019-12-09T17:45:38;25.00;;;16.75;;
24022;SDS011;12226;55.68345798;37.59173334;2019-12-09T17:50:44;21.35;;;15.65;;
24022;SDS011;12226;55.68345798;37.59173334;2019-12-09T17:55:46;27.73;;;16.48;;
24022;SDS011;12226;55.68345798;37.59173334;2019-12-09T18:00:49;23.10;;;16.23;;
24022;SDS011;12226;55.68345798;37.59173334;2019-12-09T18:05:52;28.52;;;16.65;;
24022;SDS011;12226;55.68345798;37.59173334;2019-12-09T18:08:23;26.15;;;16.35;;
24022;SDS011;12226;55.68345798;37.59173334;2019-12-09T18:10:54;25.10;;;17.27;;
24022;SDS011;12226;55.68345798;37.59173334;2019-12-09T18:13:28;25.85;;;17.87;;
24022;SDS011;12226;55.68345798;37.59173334;2019-12-09T18:15:59;26.85;;;16.37;;
24022;SDS011;12226;55.68345798;37.59173334;2019-12-09T18:21:01;26.35;;;17.98;;
24022;SDS011;12226;55.68345798;37.59173334;2019-12-09T18:26:04;25.72;;;15.85;;
24022;SDS011;12226;55.68345798;37.59173334;2019-12-09T18:31:07;29.37;;;16.77;;
24022;SDS011;12226;55.68345798;37.59173334;2019-12-09T18:36:10;27.73;;;18.12;;
24022;SDS011;12226;55.68345798;37.59173334;2019-12-09T18:38:43;23.62;;;16.87;;
24022;SDS011;12226;55.68345798;37.59173334;2019-12-09T18:41:16;29.00;;;16.70;;
24022;SDS011;12226;55.68345798;37.59173334;2019-12-09T18:46:16;26.23;;;16.85;;
24022;SDS011;12226;55.68345798;37.59173334;2019-12-09T18:54:10;24.47;;;16.35;;
24022;SDS011;12226;55.68345798;37.59173334;2019-12-09T18:59:13;23.10;;;15.58;;
24022;SDS011;12226;55.68345798;37.59173334;2019-12-09T19:04:16;26.02;;;17.15;;
24022;SDS011;12226;55.68345798;37.59173334;2019-12-09T19:09:16;27.20;;;15.93;;
24022;SDS011;12226;55.68345798;37.59173334;2019-12-09T19:11:47;27.85;;;17.27;;
24022;SDS011;12226;55.68345798;37.59173334;2019-12-09T19:16:49;24.77;;;16.15;;
24022;SDS011;12226;55.68345798;37.59173334;2019-12-09T19:19:20;24.92;;;16.40;;
24022;SDS011;12226;55.68345798;37.59173334;2019-12-09T19:21:51;24.05;;;16.00;;
24022;SDS011;12226;55.68345798;37.59173334;2019-12-09T19:24:22;22.25;;;14.98;;
24022;SDS011;12226;55.68345798;37.59173334;2019-12-09T19:29:25;24.90;;;16.00;;
24022;SDS011;12226;55.68345798;37.59173334;2019-12-09T19:31:58;30.62;;;17.65;;
24022;SDS011;12226;55.68345798;37.59173334;2019-12-09T19:34:31;24.20;;;15.58;;
24022;SDS011;12226;55.68345798;37.59173334;2019-12-09T19:37:04;26.05;;;16.67;;
24022;SDS011;12226;55.68345798;37.59173334;2019-12-09T19:39:37;27.95;;;16.87;;
24022;SDS011;12226;55.68345798;37.59173334;2019-12-09T19:42:10;24.92;;;16.37;;
24022;SDS011;12226;55.68345798;37.59173334;2019-12-09T19:44:43;25.80;;;16.93;;
24022;SDS011;12226;55.68345798;37.59173334;2019-12-09T19:47:16;25.72;;;16.35;;
24022;SDS011;12226;55.68345798;37.59173334;2019-12-09T19:49:49;24.77;;;14.95;;
24022;SDS011;12226;55.68345798;37.59173334;2019-12-09T19:52:20;26.93;;;16.40;;
24022;SDS011;12226;55.68345798;37.59173334;2019-12-09T19:54:51;25.30;;;16.37;;
24022;SDS011;12226;55.68345798;37.59173334;2019-12-09T19:57:22;27.65;;;16.35;;
24022;SDS011;12226;55.68345798;37.59173334;2019-12-09T19:59:55;24.92;;;15.35;;
24022;SDS011;12226;55.68345798;37.59173334;2019-12-09T20:02:28;26.50;;;15.08;;
24022;SDS011;12226;55.68345798;37.59173334;2019-12-09T20:05:01;27.30;;;16.15;;
24022;SDS011;12226;55.68345798;37.59173334;2019-12-09T20:07:34;24.60;;;15.03;;
24022;SDS011;12226;55.68345798;37.59173334;2019-12-09T20:10:07;22.25;;;13.75;;
24022;SDS011;12226;55.68345798;37.59173334;2019-12-09T20:12:40;22.17;;;15.08;;
24022;SDS011;12226;55.68345798;37.59173334;2019-12-09T20:15:13;26.02;;;14.45;;
24022;SDS011;12226;55.68345798;37.59173334;2019-12-09T20:17:46;22.37;;;15.88;;
24022;SDS011;12226;55.68345798;37.59173334;2019-12-09T20:20:22;27.65;;;16.87;;
24022;SDS011;12226;55.68345798;37.59173334;2019-12-09T20:22:58;23.32;;;16.30;;
24022;SDS011;12226;55.68345798;37.59173334;2019-12-09T20:25:48;29.40;;;16.57;;
24022;SDS011;12226;55.68345798;37.59173334;2019-12-09T20:30:52;27.77;;;18.20;;
24022;SDS011;12226;55.68345798;37.59173334;2019-12-09T20:33:23;28.10;;;17.27;;
24022;SDS011;12226;55.68345798;37.59173334;2019-12-09T20:38:25;26.48;;;16.52;;
24022;SDS011;12226;55.68345798;37.59173334;2019-12-09T20:45:58;25.60;;;17.73;;
24022;SDS011;12226;55.68345798;37.59173334;2019-12-09T20:53:31;39.80;;;21.35;;
24022;SDS011;12226;55.68345798;37.59173334;2019-12-09T20:58:34;26.75;;;16.87;;
24022;SDS011;12226;55.68345798;37.59173334;2019-12-09T21:03:37;26.75;;;17.77;;
24022;SDS011;12226;55.68345798;37.59173334;2019-12-09T21:06:08;24.07;;;16.67;;
24022;SDS011;12226;55.68345798;37.59173334;2019-12-09T21:08:40;27.85;;;17.07;;
24022;SDS011;12226;55.68345798;37.59173334;2019-12-09T21:13:43;27.37;;;17.10;;
24022;SDS011;12226;55.68345798;37.59173334;2019-12-09T21:21:16;23.60;;;16.05;;
24022;SDS011;12226;55.68345798;37.59173334;2019-12-09T21:26:16;27.15;;;17.77;;
24022;SDS011;12226;55.68345798;37.59173334;2019-12-09T21:28:47;27.07;;;16.30;;
24022;SDS011;12226;55.68345798;37.59173334;2019-12-09T21:36:15;26.95;;;16.93;;
24022;SDS011;12226;55.68345798;37.59173334;2019-12-09T21:38:46;28.25;;;17.82;;
24022;SDS011;12226;55.68345798;37.59173334;2019-12-09T21:41:17;27.50;;;17.45;;
24022;SDS011;12226;55.68345798;37.59173334;2019-12-09T21:43:49;29.90;;;18.65;;
24022;SDS011;12226;55.68345798;37.59173334;2019-12-09T21:46:20;27.15;;;17.23;;
24022;SDS011;12226;55.68345798;37.59173334;2019-12-09T21:48:51;30.77;;;18.10;;
24022;SDS011;12226;55.68345798;37.59173334;2019-12-09T21:56:18;25.68;;;15.35;;
24022;SDS011;12226;55.68345798;37.59173334;2019-12-09T22:01:18;27.67;;;17.60;;
24022;SDS011;12226;55.68345798;37.59173334;2019-12-09T22:04:08;27.62;;;16.23;;
24022;SDS011;12226;55.68345798;37.59173334;2019-12-09T22:07:01;29.52;;;18.60;;
24022;SDS011;12226;55.68345798;37.59173334;2019-12-09T22:14:34;29.70;;;19.57;;
24022;SDS011;12226;55.68345798;37.59173334;2019-12-09T22:22:07;28.30;;;19.15;;
24022;SDS011;12226;55.68345798;37.59173334;2019-12-09T22:24:38;29.00;;;19.25;;
24022;SDS011;12226;55.68345798;37.59173334;2019-12-09T22:27:10;26.30;;;16.85;;
24022;SDS011;12226;55.68345798;37.59173334;2019-12-09T22:34:43;25.15;;;16.75;;
24022;SDS011;12226;55.68345798;37.59173334;2019-12-09T22:39:46;23.45;;;16.02;;
24022;SDS011;12226;55.68345798;37.59173334;2019-12-09T22:44:49;22.90;;;15.32;;
24022;SDS011;12226;55.68345798;37.59173334;2019-12-09T22:47:20;23.07;;;15.80;;
24022;SDS011;12226;55.68345798;37.59173334;2019-12-09T22:49:51;23.62;;;15.90;;
24022;SDS011;12226;55.68345798;37.59173334;2019-12-09T22:57:18;26.17;;;16.73;;
24022;SDS011;12226;55.68345798;37.59173334;2019-12-09T22:59:52;25.92;;;16.10;;
24022;SDS011;12226;55.68345798;37.59173334;2019-12-09T23:02:23;28.65;;;17.55;;
24022;SDS011;12226;55.68345798;37.59173334;2019-12-09T23:04:54;25.35;;;17.30;;
24022;SDS011;12226;55.68345798;37.59173334;2019-12-09T23:17:26;27.62;;;17.23;;
24022;SDS011;12226;55.68345798;37.59173334;2019-12-09T23:22:27;28.38;;;16.60;;
24022;SDS011;12226;55.68345798;37.59173334;2019-12-09T23:27:27;26.37;;;18.35;;
24022;SDS011;12226;55.68345798;37.59173334;2019-12-09T23:29:58;29.65;;;18.80;;
24022;SDS011;12226;55.68345798;37.59173334;2019-12-09T23:32:29;31.17;;;19.25;;
24022;SDS011;12226;55.68345798;37.59173334;2019-12-09T23:35:00;29.95;;;18.50;;
24022;SDS011;12226;55.68345798;37.59173334;2019-12-09T23:42:51;28.05;;;17.85;;
24022;SDS011;12226;55.68345798;37.59173334;2019-12-09T23:47:51;31.70;;;19.70;;
24022;SDS011;12226;55.68345798;37.59173334;2019-12-09T23:50:22;29.85;;;19.15;;
24022;SDS011;12226;55.68345798;37.59173334;2019-12-09T23:52:53;30.30;;;17.30;;
