sensor_id;sensor_type;location;lat;lon;timestamp;P1;durP1;ratioP1;P2;durP2;ratioP2
34507;SDS011;20749;55.626;37.664;2019-12-09T00:00:32;14.63;;;5.43;;
34507;SDS011;20749;55.626;37.664;2019-12-09T00:02:45;16.17;;;6.23;;
34507;SDS011;20749;55.626;37.664;2019-12-09T00:04:46;16.97;;;6.20;;
34507;SDS011;20749;55.626;37.664;2019-12-09T00:06:47;17.37;;;6.40;;
34507;SDS011;20749;55.626;37.664;2019-12-09T00:08:49;14.90;;;6.13;;
34507;SDS011;20749;55.626;37.664;2019-12-09T00:10:50;14.43;;;6.57;;
34507;SDS011;20749;55.626;37.664;2019-12-09T00:12:51;10.97;;;5.70;;
34507;SDS011;20749;55.626;37.664;2019-12-09T00:14:53;14.67;;;5.80;;
34507;SDS011;20749;55.626;37.664;2019-12-09T00:16:54;16.57;;;6.70;;
34507;SDS011;20749;55.626;37.664;2019-12-09T00:18:55;14.83;;;6.00;;
34507;SDS011;20749;55.626;37.664;2019-12-09T00:20:57;20.67;;;5.83;;
34507;SDS011;20749;55.626;37.664;2019-12-09T00:22:58;15.00;;;6.07;;
34507;SDS011;20749;55.626;37.664;2019-12-09T00:24:59;13.27;;;6.53;;
34507;SDS011;20749;55.626;37.664;2019-12-09T00:27:01;16.77;;;6.67;;
34507;SDS011;20749;55.626;37.664;2019-12-09T00:29:02;15.83;;;6.17;;
34507;SDS011;20749;55.626;37.664;2019-12-09T00:31:03;17.67;;;6.53;;
34507;SDS011;20749;55.626;37.664;2019-12-09T00:33:05;16.80;;;6.50;;
34507;SDS011;20749;55.626;37.664;2019-12-09T00:35:06;12.97;;;5.77;;
34507;SDS011;20749;55.626;37.664;2019-12-09T00:37:07;14.90;;;6.50;;
34507;SDS011;20749;55.626;37.664;2019-12-09T00:39:09;13.20;;;6.40;;
34507;SDS011;20749;55.626;37.664;2019-12-09T00:41:10;16.50;;;7.33;;
34507;SDS011;20749;55.626;37.664;2019-12-09T00:43:11;14.50;;;6.50;;
34507;SDS011;20749;55.626;37.664;2019-12-09T00:45:13;16.67;;;7.17;;
34507;SDS011;20749;55.626;37.664;2019-12-09T00:47:14;13.77;;;7.73;;
34507;SDS011;20749;55.626;37.664;2019-12-09T00:49:15;12.67;;;6.67;;
34507;SDS011;20749;55.626;37.664;2019-12-09T00:51:17;14.70;;;6.87;;
34507;SDS011;20749;55.626;37.664;2019-12-09T00:53:18;16.00;;;6.97;;
34507;SDS011;20749;55.626;37.664;2019-12-09T00:55:20;15.80;;;6.87;;
34507;SDS011;20749;55.626;37.664;2019-12-09T00:57:21;15.83;;;7.47;;
34507;SDS011;20749;55.626;37.664;2019-12-09T00:59:22;12.97;;;6.33;;
34507;SDS011;20749;55.626;37.664;2019-12-09T01:01:23;18.23;;;7.23;;
34507;SDS011;20749;55.626;37.664;2019-12-09T01:05:16;20.07;;;7.30;;
34507;SDS011;20749;55.626;37.664;2019-12-09T01:07:25;15.87;;;7.20;;
34507;SDS011;20749;55.626;37.664;2019-12-09T01:09:27;20.07;;;7.03;;
34507;SDS011;20749;55.626;37.664;2019-12-09T01:11:28;18.67;;;7.30;;
34507;SDS011;20749;55.626;37.664;2019-12-09T01:13:29;14.67;;;7.23;;
34507;SDS011;20749;55.626;37.664;2019-12-09T01:15:31;17.00;;;7.67;;
34507;SDS011;20749;55.626;37.664;2019-12-09T01:17:32;16.77;;;7.60;;
34507;SDS011;20749;55.626;37.664;2019-12-09T01:19:33;14.90;;;7.57;;
34507;SDS011;20749;55.626;37.664;2019-12-09T01:21:35;14.33;;;7.00;;
34507;SDS011;20749;55.626;37.664;2019-12-09T01:23:36;16.57;;;6.80;;
34507;SDS011;20749;55.626;37.664;2019-12-09T01:25:38;12.03;;;6.83;;
34507;SDS011;20749;55.626;37.664;2019-12-09T01:27:39;14.83;;;7.23;;
34507;SDS011;20749;55.626;37.664;2019-12-09T01:29:40;14.83;;;7.03;;
34507;SDS011;20749;55.626;37.664;2019-12-09T01:31:42;13.20;;;7.00;;
34507;SDS011;20749;55.626;37.664;2019-12-09T01:33:43;11.57;;;7.20;;
34507;SDS011;20749;55.626;37.664;2019-12-09T01:35:44;15.67;;;7.30;;
34507;SDS011;20749;55.626;37.664;2019-12-09T01:37:45;17.03;;;7.03;;
34507;SDS011;20749;55.626;37.664;2019-12-09T01:39:47;17.00;;;7.43;;
34507;SDS011;20749;55.626;37.664;2019-12-09T01:41:48;14.20;;;7.20;;
34507;SDS011;20749;55.626;37.664;2019-12-09T01:43:49;12.97;;;7.23;;
34507;SDS011;20749;55.626;37.664;2019-12-09T01:45:51;16.93;;;7.90;;
34507;SDS011;20749;55.626;37.664;2019-12-09T01:47:52;16.00;;;7.67;;
34507;SDS011;20749;55.626;37.664;2019-12-09T01:49:53;17.70;;;7.97;;
34507;SDS011;20749;55.626;37.664;2019-12-09T01:51:55;17.63;;;7.60;;
34507;SDS011;20749;55.626;37.664;2019-12-09T01:53:56;15.77;;;7.40;;
34507;SDS011;20749;55.626;37.664;2019-12-09T01:55:57;12.83;;;7.93;;
34507;SDS011;20749;55.626;37.664;2019-12-09T01:57:59;17.10;;;8.17;;
34507;SDS011;20749;55.626;37.664;2019-12-09T02:00:00;15.20;;;7.70;;
34507;SDS011;20749;55.626;37.664;2019-12-09T02:02:01;17.50;;;8.27;;
34507;SDS011;20749;55.626;37.664;2019-12-09T02:04:03;15.33;;;7.57;;
34507;SDS011;20749;55.626;37.664;2019-12-09T02:06:04;15.03;;;8.43;;
34507;SDS011;20749;55.626;37.664;2019-12-09T02:08:05;13.60;;;7.93;;
34507;SDS011;20749;55.626;37.664;2019-12-09T02:10:07;17.77;;;8.40;;
34507;SDS011;20749;55.626;37.664;2019-12-09T02:12:08;14.10;;;8.07;;
34507;SDS011;20749;55.626;37.664;2019-12-09T02:14:10;14.70;;;8.67;;
34507;SDS011;20749;55.626;37.664;2019-12-09T02:16:11;15.57;;;8.37;;
34507;SDS011;20749;55.626;37.664;2019-12-09T02:18:12;16.07;;;8.77;;
34507;SDS011;20749;55.626;37.664;2019-12-09T02:20:14;17.53;;;9.13;;
34507;SDS011;20749;55.626;37.664;2019-12-09T02:22:15;13.03;;;7.90;;
34507;SDS011;20749;55.626;37.664;2019-12-09T02:24:17;17.77;;;8.33;;
34507;SDS011;20749;55.626;37.664;2019-12-09T02:26:18;21.70;;;9.87;;
34507;SDS011;20749;55.626;37.664;2019-12-09T02:28:19;18.07;;;8.47;;
34507;SDS011;20749;55.626;37.664;2019-12-09T02:30:21;15.87;;;8.30;;
34507;SDS011;20749;55.626;37.664;2019-12-09T02:32:22;16.27;;;8.23;;
34507;SDS011;20749;55.626;37.664;2019-12-09T02:34:23;15.67;;;8.30;;
34507;SDS011;20749;55.626;37.664;2019-12-09T02:36:25;18.13;;;9.23;;
34507;SDS011;20749;55.626;37.664;2019-12-09T02:39:59;17.02;;;9.05;;
34507;SDS011;20749;55.626;37.664;2019-12-09T02:42:01;16.60;;;8.77;;
34507;SDS011;20749;55.626;37.664;2019-12-09T02:44:02;16.63;;;8.77;;
34507;SDS011;20749;55.626;37.664;2019-12-09T02:46:04;15.00;;;9.90;;
34507;SDS011;20749;55.626;37.664;2019-12-09T02:48:05;17.23;;;9.40;;
34507;SDS011;20749;55.626;37.664;2019-12-09T02:50:06;16.57;;;9.70;;
34507;SDS011;20749;55.626;37.664;2019-12-09T02:52:08;18.77;;;9.47;;
34507;SDS011;20749;55.626;37.664;2019-12-09T02:54:09;16.70;;;9.47;;
34507;SDS011;20749;55.626;37.664;2019-12-09T02:56:10;15.83;;;9.47;;
34507;SDS011;20749;55.626;37.664;2019-12-09T02:58:12;17.97;;;9.37;;
34507;SDS011;20749;55.626;37.664;2019-12-09T03:00:13;15.73;;;9.63;;
34507;SDS011;20749;55.626;37.664;2019-12-09T03:02:15;17.70;;;9.97;;
34507;SDS011;20749;55.626;37.664;2019-12-09T03:04:16;17.77;;;9.97;;
34507;SDS011;20749;55.626;37.664;2019-12-09T03:06:17;16.97;;;9.93;;
34507;SDS011;20749;55.626;37.664;2019-12-09T03:08:19;17.03;;;10.47;;
34507;SDS011;20749;55.626;37.664;2019-12-09T03:10:20;17.07;;;10.23;;
34507;SDS011;20749;55.626;37.664;2019-12-09T03:12:21;15.77;;;9.93;;
34507;SDS011;20749;55.626;37.664;2019-12-09T03:14:23;18.67;;;10.33;;
34507;SDS011;20749;55.626;37.664;2019-12-09T03:16:57;18.63;;;10.80;;
34507;SDS011;20749;55.626;37.664;2019-12-09T03:19:03;15.63;;;10.13;;
34507;SDS011;20749;55.626;37.664;2019-12-09T03:21:05;17.57;;;11.00;;
34507;SDS011;20749;55.626;37.664;2019-12-09T03:23:12;20.10;;;11.10;;
34507;SDS011;20749;55.626;37.664;2019-12-09T03:25:13;20.43;;;10.97;;
34507;SDS011;20749;55.626;37.664;2019-12-09T03:27:21;15.53;;;10.27;;
34507;SDS011;20749;55.626;37.664;2019-12-09T03:29:41;14.67;;;10.10;;
34507;SDS011;20749;55.626;37.664;2019-12-09T03:31:42;17.40;;;10.27;;
34507;SDS011;20749;55.626;37.664;2019-12-09T03:33:58;15.80;;;11.03;;
34507;SDS011;22037;55.106;36.814;2019-12-09T03:35:59;17.80;;;10.80;;
34507;SDS011;22037;55.106;36.814;2019-12-09T03:38:00;19.37;;;11.33;;
34507;SDS011;22037;55.106;36.814;2019-12-09T03:40:02;20.93;;;11.83;;
34507;SDS011;22037;55.106;36.814;2019-12-09T03:42:03;17.87;;;10.43;;
34507;SDS011;22037;55.106;36.814;2019-12-09T03:44:06;15.40;;;10.43;;
34507;SDS011;22037;55.106;36.814;2019-12-09T03:46:16;17.63;;;10.47;;
34507;SDS011;22037;55.106;36.814;2019-12-09T03:48:25;17.70;;;11.93;;
34507;SDS011;22037;55.106;36.814;2019-12-09T03:50:27;20.87;;;13.13;;
34507;SDS011;22037;55.106;36.814;2019-12-09T03:52:31;18.03;;;12.13;;
34507;SDS011;22037;55.106;36.814;2019-12-09T03:54:38;19.62;;;12.27;;
34507;SDS011;22037;55.106;36.814;2019-12-09T03:58:57;17.70;;;11.90;;
34507;SDS011;22037;55.106;36.814;2019-12-09T04:00:59;22.17;;;12.93;;
34507;SDS011;22037;55.106;36.814;2019-12-09T04:03:00;22.10;;;12.67;;
34507;SDS011;22037;55.106;36.814;2019-12-09T04:05:03;19.10;;;12.93;;
34507;SDS011;22037;55.106;36.814;2019-12-09T04:07:05;19.30;;;12.87;;
34507;SDS011;22037;55.106;36.814;2019-12-09T04:09:13;21.63;;;13.80;;
34507;SDS011;22037;55.106;36.814;2019-12-09T04:11:14;19.60;;;13.63;;
34507;SDS011;22037;55.106;36.814;2019-12-09T04:13:15;20.50;;;12.60;;
34507;SDS011;22037;55.106;36.814;2019-12-09T04:15:17;21.40;;;12.50;;
34507;SDS011;22037;55.106;36.814;2019-12-09T04:17:19;20.43;;;13.83;;
34507;SDS011;22037;55.106;36.814;2019-12-09T04:19:20;21.57;;;12.80;;
34507;SDS011;22037;55.106;36.814;2019-12-09T04:21:22;25.17;;;13.67;;
34507;SDS011;22037;55.106;36.814;2019-12-09T04:23:23;20.90;;;14.67;;
34507;SDS011;22037;55.106;36.814;2019-12-09T04:25:24;20.63;;;13.63;;
34507;SDS011;22037;55.106;36.814;2019-12-09T04:27:26;18.73;;;12.37;;
34507;SDS011;22037;55.106;36.814;2019-12-09T04:29:28;20.77;;;14.27;;
34507;SDS011;22037;55.106;36.814;2019-12-09T04:31:31;21.67;;;13.60;;
34507;SDS011;22037;55.106;36.814;2019-12-09T04:33:50;20.27;;;14.07;;
34507;SDS011;22037;55.106;36.814;2019-12-09T04:36:18;20.37;;;13.90;;
34507;SDS011;22037;55.106;36.814;2019-12-09T04:38:40;20.63;;;13.77;;
34507;SDS011;22037;55.106;36.814;2019-12-09T04:40:44;22.43;;;14.27;;
34507;SDS011;22037;55.106;36.814;2019-12-09T04:43:01;20.13;;;13.80;;
34507;SDS011;22037;55.106;36.814;2019-12-09T04:45:06;20.73;;;13.70;;
34507;SDS011;22037;55.106;36.814;2019-12-09T04:47:11;23.33;;;14.37;;
34507;SDS011;22037;55.106;36.814;2019-12-09T04:49:23;22.83;;;14.33;;
34507;SDS011;22037;55.106;36.814;2019-12-09T04:51:28;23.77;;;14.20;;
34507;SDS011;22037;55.106;36.814;2019-12-09T04:53:30;20.60;;;14.00;;
34507;SDS011;22037;55.106;36.814;2019-12-09T04:55:32;20.30;;;15.13;;
34507;SDS011;22037;55.106;36.814;2019-12-09T04:57:33;24.37;;;14.13;;
34507;SDS011;22037;55.106;36.814;2019-12-09T04:59:35;23.13;;;14.30;;
34507;SDS011;22037;55.106;36.814;2019-12-09T05:01:36;22.00;;;14.23;;
34507;SDS011;22037;55.106;36.814;2019-12-09T05:03:37;22.13;;;14.67;;
34507;SDS011;22037;55.106;36.814;2019-12-09T05:05:39;20.83;;;14.30;;
34507;SDS011;22037;55.106;36.814;2019-12-09T05:07:40;21.70;;;14.70;;
34507;SDS011;22037;55.106;36.814;2019-12-09T05:09:41;22.03;;;14.37;;
34507;SDS011;22037;55.106;36.814;2019-12-09T05:11:44;20.93;;;13.97;;
34507;SDS011;22037;55.106;36.814;2019-12-09T05:13:45;24.53;;;15.43;;
34507;SDS011;22037;55.106;36.814;2019-12-09T05:15:47;24.10;;;15.53;;
34507;SDS011;22037;55.106;36.814;2019-12-09T05:17:48;21.37;;;14.80;;
34507;SDS011;22037;55.106;36.814;2019-12-09T05:19:49;23.53;;;15.17;;
34507;SDS011;22037;55.106;36.814;2019-12-09T05:21:51;22.07;;;15.10;;
34507;SDS011;22037;55.106;36.814;2019-12-09T05:23:52;21.63;;;14.73;;
34507;SDS011;22037;55.106;36.814;2019-12-09T05:25:53;20.87;;;14.40;;
34507;SDS011;22037;55.106;36.814;2019-12-09T05:27:55;23.57;;;13.93;;
34507;SDS011;22037;55.106;36.814;2019-12-09T05:29:56;23.20;;;14.27;;
34507;SDS011;22037;55.106;36.814;2019-12-09T05:31:58;22.27;;;15.17;;
34507;SDS011;22037;55.106;36.814;2019-12-09T05:34:00;22.57;;;15.97;;
34507;SDS011;22037;55.106;36.814;2019-12-09T05:36:02;20.90;;;14.47;;
34507;SDS011;22037;55.106;36.814;2019-12-09T05:38:03;20.80;;;14.90;;
34507;SDS011;22037;55.106;36.814;2019-12-09T05:40:04;24.93;;;15.00;;
34507;SDS011;22037;55.106;36.814;2019-12-09T05:42:06;22.83;;;15.30;;
34507;SDS011;22037;55.106;36.814;2019-12-09T05:44:07;23.90;;;15.53;;
34507;SDS011;22037;55.106;36.814;2019-12-09T05:46:09;22.90;;;14.40;;
34507;SDS011;22037;55.106;36.814;2019-12-09T05:48:10;24.47;;;15.67;;
34507;SDS011;22037;55.106;36.814;2019-12-09T05:50:11;24.33;;;15.40;;
34507;SDS011;22037;55.106;36.814;2019-12-09T05:52:13;21.10;;;15.00;;
34507;SDS011;22037;55.106;36.814;2019-12-09T05:54:14;23.27;;;15.50;;
34507;SDS011;22037;55.106;36.814;2019-12-09T05:56:15;22.13;;;15.07;;
34507;SDS011;22037;55.106;36.814;2019-12-09T05:58:17;22.63;;;15.73;;
34507;SDS011;22037;55.106;36.814;2019-12-09T06:00:18;21.20;;;14.73;;
34507;SDS011;22037;55.106;36.814;2019-12-09T06:02:19;24.50;;;15.27;;
34507;SDS011;22037;55.106;36.814;2019-12-09T06:04:28;22.67;;;15.10;;
34507;SDS011;22037;55.106;36.814;2019-12-09T06:06:29;24.37;;;15.10;;
34507;SDS011;22037;55.106;36.814;2019-12-09T06:08:49;22.83;;;14.47;;
34507;SDS011;22037;55.106;36.814;2019-12-09T06:10:50;23.67;;;15.20;;
34507;SDS011;22037;55.106;36.814;2019-12-09T06:12:52;23.80;;;15.67;;
34507;SDS011;22037;55.106;36.814;2019-12-09T06:15:26;23.10;;;15.40;;
34507;SDS011;22037;55.106;36.814;2019-12-09T06:17:27;23.83;;;15.03;;
34507;SDS011;22037;55.106;36.814;2019-12-09T06:19:29;24.80;;;14.53;;
34507;SDS011;22037;55.106;36.814;2019-12-09T06:21:30;22.77;;;15.33;;
34507;SDS011;22037;55.106;36.814;2019-12-09T06:23:31;21.67;;;15.43;;
34507;SDS011;22037;55.106;36.814;2019-12-09T06:25:33;22.03;;;15.67;;
34507;SDS011;22037;55.106;36.814;2019-12-09T06:27:34;21.27;;;14.73;;
34507;SDS011;22037;55.106;36.814;2019-12-09T06:29:35;21.23;;;14.80;;
34507;SDS011;22037;55.106;36.814;2019-12-09T06:31:37;25.10;;;15.93;;
34507;SDS011;22037;55.106;36.814;2019-12-09T06:33:38;21.27;;;13.90;;
34507;SDS011;22037;55.106;36.814;2019-12-09T06:35:40;21.87;;;15.27;;
34507;SDS011;22037;55.106;36.814;2019-12-09T06:37:41;21.07;;;14.37;;
34507;SDS011;22037;55.106;36.814;2019-12-09T06:39:42;24.00;;;15.17;;
34507;SDS011;22037;55.106;36.814;2019-12-09T06:41:44;22.57;;;15.13;;
34507;SDS011;22037;55.106;36.814;2019-12-09T06:43:45;24.43;;;15.30;;
34507;SDS011;22037;55.106;36.814;2019-12-09T06:45:46;22.17;;;15.13;;
34507;SDS011;22037;55.106;36.814;2019-12-09T06:47:48;20.70;;;14.67;;
34507;SDS011;22037;55.106;36.814;2019-12-09T06:49:49;21.20;;;14.93;;
34507;SDS011;22037;55.106;36.814;2019-12-09T06:51:50;25.77;;;15.00;;
34507;SDS011;22037;55.106;36.814;2019-12-09T06:53:52;20.70;;;14.50;;
34507;SDS011;22037;55.106;36.814;2019-12-09T06:55:53;21.73;;;15.00;;
34507;SDS011;22037;55.106;36.814;2019-12-09T06:57:54;20.50;;;14.53;;
34507;SDS011;22037;55.106;36.814;2019-12-09T06:59:56;21.00;;;14.50;;
34507;SDS011;22037;55.106;36.814;2019-12-09T07:01:57;18.97;;;14.70;;
34507;SDS011;22037;55.106;36.814;2019-12-09T07:03:59;23.53;;;15.00;;
34507;SDS011;22037;55.106;36.814;2019-12-09T07:06:00;21.93;;;14.10;;
34507;SDS011;22037;55.106;36.814;2019-12-09T07:08:01;21.33;;;14.23;;
34507;SDS011;22037;55.106;36.814;2019-12-09T07:10:03;22.13;;;14.33;;
34507;SDS011;22037;55.106;36.814;2019-12-09T07:12:04;19.67;;;13.47;;
34507;SDS011;22037;55.106;36.814;2019-12-09T07:14:05;21.03;;;13.50;;
34507;SDS011;22037;55.106;36.814;2019-12-09T07:16:07;20.13;;;13.70;;
34507;SDS011;22037;55.106;36.814;2019-12-09T07:18:08;21.00;;;13.93;;
34507;SDS011;22037;55.106;36.814;2019-12-09T07:20:10;20.50;;;13.87;;
34507;SDS011;22037;55.106;36.814;2019-12-09T07:22:11;20.53;;;14.13;;
34507;SDS011;22037;55.106;36.814;2019-12-09T07:24:12;20.80;;;13.63;;
34507;SDS011;22037;55.106;36.814;2019-12-09T07:26:14;20.10;;;14.07;;
34507;SDS011;22037;55.106;36.814;2019-12-09T07:28:20;20.58;;;13.75;;
34507;SDS011;22037;55.106;36.814;2019-12-09T07:30:24;20.60;;;13.03;;
34507;SDS011;22037;55.106;36.814;2019-12-09T07:32:29;18.37;;;13.00;;
34507;SDS011;22037;55.106;36.814;2019-12-09T07:34:30;18.97;;;12.20;;
34507;SDS011;22037;55.106;36.814;2019-12-09T07:36:32;21.70;;;13.47;;
34507;SDS011;22037;55.106;36.814;2019-12-09T07:38:34;20.80;;;13.90;;
34507;SDS011;22037;55.106;36.814;2019-12-09T07:40:35;21.90;;;14.30;;
34507;SDS011;22037;55.106;36.814;2019-12-09T07:42:36;21.67;;;13.63;;
34507;SDS011;22037;55.106;36.814;2019-12-09T07:44:38;18.53;;;12.77;;
34507;SDS011;22037;55.106;36.814;2019-12-09T07:46:39;19.47;;;12.90;;
34507;SDS011;22037;55.106;36.814;2019-12-09T07:48:40;19.83;;;12.97;;
34507;SDS011;22037;55.106;36.814;2019-12-09T07:50:42;19.50;;;12.97;;
34507;SDS011;22037;55.106;36.814;2019-12-09T07:52:43;17.23;;;12.13;;
34507;SDS011;22037;55.106;36.814;2019-12-09T07:54:45;20.33;;;12.67;;
34507;SDS011;22037;55.106;36.814;2019-12-09T07:56:46;18.00;;;12.87;;
34507;SDS011;22037;55.106;36.814;2019-12-09T07:58:47;21.20;;;12.70;;
34507;SDS011;22037;55.106;36.814;2019-12-09T08:00:58;23.47;;;13.30;;
34507;SDS011;22037;55.106;36.814;2019-12-09T08:03:52;21.10;;;13.50;;
34507;SDS011;22037;55.106;36.814;2019-12-09T08:05:53;21.13;;;13.10;;
34507;SDS011;22037;55.106;36.814;2019-12-09T08:07:55;18.37;;;12.90;;
34507;SDS011;22037;55.106;36.814;2019-12-09T08:09:56;19.73;;;12.73;;
34507;SDS011;22037;55.106;36.814;2019-12-09T08:11:57;18.33;;;13.07;;
34507;SDS011;22037;55.106;36.814;2019-12-09T08:13:59;18.27;;;12.60;;
34507;SDS011;22037;55.106;36.814;2019-12-09T08:16:00;18.10;;;12.90;;
34507;SDS011;22037;55.106;36.814;2019-12-09T08:18:02;17.13;;;12.50;;
34507;SDS011;22037;55.106;36.814;2019-12-09T08:20:03;17.50;;;12.37;;
34507;SDS011;22037;55.106;36.814;2019-12-09T08:22:04;19.40;;;12.50;;
34507;SDS011;22037;55.106;36.814;2019-12-09T08:24:06;19.53;;;12.70;;
34507;SDS011;22037;55.106;36.814;2019-12-09T08:26:07;18.90;;;12.93;;
34507;SDS011;22037;55.106;36.814;2019-12-09T08:28:09;19.13;;;12.70;;
34507;SDS011;22037;55.106;36.814;2019-12-09T08:30:10;20.10;;;13.63;;
34507;SDS011;22037;55.106;36.814;2019-12-09T08:32:11;17.67;;;12.03;;
34507;SDS011;22037;55.106;36.814;2019-12-09T08:34:13;19.07;;;12.57;;
34507;SDS011;22037;55.106;36.814;2019-12-09T08:36:14;20.47;;;13.40;;
34507;SDS011;22037;55.106;36.814;2019-12-09T08:38:15;20.37;;;12.87;;
34507;SDS011;22037;55.106;36.814;2019-12-09T08:40:17;18.43;;;12.97;;
34507;SDS011;22037;55.106;36.814;2019-12-09T08:42:18;21.60;;;13.83;;
34507;SDS011;22037;55.106;36.814;2019-12-09T08:44:21;19.57;;;13.00;;
34507;SDS011;22037;55.106;36.814;2019-12-09T08:46:22;19.90;;;12.43;;
34507;SDS011;22037;55.106;36.814;2019-12-09T08:48:24;19.73;;;13.07;;
34507;SDS011;22037;55.106;36.814;2019-12-09T08:50:27;19.80;;;13.63;;
34507;SDS011;22037;55.106;36.814;2019-12-09T08:52:28;21.87;;;14.43;;
34507;SDS011;22037;55.106;36.814;2019-12-09T08:54:30;19.90;;;14.53;;
34507;SDS011;22037;55.106;36.814;2019-12-09T08:56:31;19.70;;;13.70;;
34507;SDS011;22037;55.106;36.814;2019-12-09T08:58:32;20.80;;;13.70;;
34507;SDS011;22037;55.106;36.814;2019-12-09T09:00:34;19.83;;;13.47;;
34507;SDS011;22037;55.106;36.814;2019-12-09T09:02:35;20.40;;;14.20;;
34507;SDS011;22037;55.106;36.814;2019-12-09T09:04:36;19.50;;;13.70;;
34507;SDS011;22037;55.106;36.814;2019-12-09T09:06:38;20.93;;;13.77;;
34507;SDS011;22037;55.106;36.814;2019-12-09T09:08:39;19.47;;;12.93;;
34507;SDS011;22037;55.106;36.814;2019-12-09T09:10:40;21.03;;;14.07;;
34507;SDS011;22037;55.106;36.814;2019-12-09T09:12:42;22.07;;;15.60;;
34507;SDS011;22037;55.106;36.814;2019-12-09T09:14:43;21.33;;;14.47;;
34507;SDS011;22037;55.106;36.814;2019-12-09T09:16:45;21.80;;;13.93;;
34507;SDS011;22037;55.106;36.814;2019-12-09T09:18:46;20.83;;;14.90;;
34507;SDS011;22037;55.106;36.814;2019-12-09T09:20:48;20.10;;;14.50;;
34507;SDS011;22037;55.106;36.814;2019-12-09T09:22:49;20.40;;;14.57;;
34507;SDS011;22037;55.106;36.814;2019-12-09T09:24:51;21.30;;;14.43;;
34507;SDS011;22037;55.106;36.814;2019-12-09T09:26:52;20.77;;;14.80;;
34507;SDS011;22037;55.106;36.814;2019-12-09T09:28:53;19.93;;;13.60;;
34507;SDS011;22037;55.106;36.814;2019-12-09T09:30:55;22.67;;;15.13;;
34507;SDS011;22037;55.106;36.814;2019-12-09T09:32:56;22.17;;;15.37;;
34507;SDS011;22037;55.106;36.814;2019-12-09T09:34:57;23.50;;;14.93;;
34507;SDS011;22037;55.106;36.814;2019-12-09T09:36:59;20.93;;;15.30;;
34507;SDS011;22037;55.106;36.814;2019-12-09T09:39:00;21.03;;;15.07;;
34507;SDS011;22037;55.106;36.814;2019-12-09T09:41:03;19.43;;;14.87;;
34507;SDS011;22037;55.106;36.814;2019-12-09T09:43:05;24.80;;;16.33;;
34507;SDS011;22037;55.106;36.814;2019-12-09T09:45:06;21.47;;;15.50;;
34507;SDS011;22037;55.106;36.814;2019-12-09T09:47:08;21.57;;;15.43;;
34507;SDS011;22037;55.106;36.814;2019-12-09T09:49:09;22.27;;;14.37;;
34507;SDS011;22037;55.106;36.814;2019-12-09T09:51:10;23.20;;;15.47;;
34507;SDS011;22037;55.106;36.814;2019-12-09T09:53:12;20.93;;;15.07;;
34507;SDS011;22037;55.106;36.814;2019-12-09T09:55:13;20.53;;;15.43;;
34507;SDS011;22037;55.106;36.814;2019-12-09T09:57:15;22.67;;;15.90;;
34507;SDS011;22037;55.106;36.814;2019-12-09T09:59:16;22.03;;;16.07;;
34507;SDS011;22037;55.106;36.814;2019-12-09T10:01:17;21.37;;;15.03;;
34507;SDS011;22037;55.106;36.814;2019-12-09T10:03:19;23.33;;;16.43;;
34507;SDS011;22037;55.106;36.814;2019-12-09T10:05:20;21.87;;;15.87;;
34507;SDS011;22037;55.106;36.814;2019-12-09T10:07:21;22.23;;;15.50;;
34507;SDS011;22037;55.106;36.814;2019-12-09T10:09:23;21.50;;;15.40;;
34507;SDS011;22037;55.106;36.814;2019-12-09T10:11:24;21.60;;;15.50;;
34507;SDS011;22037;55.106;36.814;2019-12-09T10:13:25;24.73;;;16.27;;
34507;SDS011;22037;55.106;36.814;2019-12-09T10:15:27;21.90;;;14.63;;
34507;SDS011;22037;55.106;36.814;2019-12-09T10:17:28;20.67;;;15.40;;
34507;SDS011;22037;55.106;36.814;2019-12-09T10:19:29;21.70;;;14.63;;
34507;SDS011;22037;55.106;36.814;2019-12-09T10:21:31;20.73;;;14.93;;
34507;SDS011;22037;55.106;36.814;2019-12-09T10:23:32;22.87;;;15.40;;
34507;SDS011;22037;55.106;36.814;2019-12-09T10:25:34;21.53;;;14.80;;
34507;SDS011;22037;55.106;36.814;2019-12-09T10:27:35;21.97;;;15.73;;
34507;SDS011;22037;55.106;36.814;2019-12-09T10:29:36;21.63;;;15.43;;
34507;SDS011;22037;55.106;36.814;2019-12-09T10:31:39;21.07;;;15.30;;
34507;SDS011;22037;55.106;36.814;2019-12-09T10:33:41;21.13;;;16.13;;
34507;SDS011;22037;55.106;36.814;2019-12-09T10:35:42;22.23;;;15.80;;
34507;SDS011;22037;55.106;36.814;2019-12-09T10:37:43;20.80;;;15.63;;
34507;SDS011;22037;55.106;36.814;2019-12-09T10:39:45;21.73;;;15.03;;
34507;SDS011;22037;55.106;36.814;2019-12-09T10:41:46;21.80;;;16.17;;
34507;SDS011;22037;55.106;36.814;2019-12-09T10:43:48;22.57;;;15.90;;
34507;SDS011;22037;55.106;36.814;2019-12-09T10:45:49;20.03;;;14.97;;
34507;SDS011;22037;55.106;36.814;2019-12-09T10:47:50;27.33;;;15.87;;
34507;SDS011;22037;55.106;36.814;2019-12-09T10:49:52;19.50;;;14.53;;
34507;SDS011;22037;55.106;36.814;2019-12-09T10:51:53;20.53;;;15.23;;
34507;SDS011;22037;55.106;36.814;2019-12-09T10:53:55;22.37;;;15.93;;
34507;SDS011;22037;55.106;36.814;2019-12-09T10:55:56;22.33;;;15.40;;
34507;SDS011;22037;55.106;36.814;2019-12-09T10:57:57;22.50;;;16.37;;
34507;SDS011;22037;55.106;36.814;2019-12-09T10:59:59;23.37;;;17.60;;
34507;SDS011;22037;55.106;36.814;2019-12-09T11:02:00;26.07;;;17.30;;
34507;SDS011;22037;55.106;36.814;2019-12-09T11:04:01;24.57;;;17.03;;
34507;SDS011;22037;55.106;36.814;2019-12-09T11:06:03;21.20;;;16.57;;
34507;SDS011;22037;55.106;36.814;2019-12-09T11:08:04;23.10;;;16.97;;
34507;SDS011;22037;55.106;36.814;2019-12-09T11:10:07;23.40;;;17.50;;
34507;SDS011;22037;55.106;36.814;2019-12-09T11:12:09;23.87;;;17.17;;
34507;SDS011;22037;55.106;36.814;2019-12-09T11:14:10;23.47;;;16.37;;
34507;SDS011;22037;55.106;36.814;2019-12-09T11:16:11;24.63;;;17.13;;
34507;SDS011;22037;55.106;36.814;2019-12-09T11:18:13;23.07;;;16.30;;
34507;SDS011;22037;55.106;36.814;2019-12-09T11:20:14;24.93;;;16.13;;
34507;SDS011;22037;55.106;36.814;2019-12-09T11:22:15;27.17;;;17.87;;
34507;SDS011;22037;55.106;36.814;2019-12-09T11:24:17;22.73;;;16.17;;
34507;SDS011;22037;55.106;36.814;2019-12-09T11:26:18;26.57;;;16.93;;
34507;SDS011;22037;55.106;36.814;2019-12-09T11:28:19;26.33;;;16.83;;
34507;SDS011;22037;55.106;36.814;2019-12-09T11:30:21;22.57;;;16.27;;
34507;SDS011;22037;55.106;36.814;2019-12-09T11:32:22;25.03;;;16.70;;
34507;SDS011;22037;55.106;36.814;2019-12-09T11:34:24;22.30;;;15.30;;
34507;SDS011;22037;55.106;36.814;2019-12-09T11:36:25;23.80;;;16.90;;
34507;SDS011;22037;55.106;36.814;2019-12-09T11:38:41;24.85;;;17.33;;
34507;SDS011;22037;55.106;36.814;2019-12-09T11:41:01;23.37;;;16.93;;
34507;SDS011;22037;55.106;36.814;2019-12-09T11:43:02;22.90;;;17.33;;
34507;SDS011;22037;55.106;36.814;2019-12-09T11:45:04;24.03;;;17.37;;
34507;SDS011;22037;55.106;36.814;2019-12-09T11:47:05;22.67;;;17.37;;
34507;SDS011;22037;55.106;36.814;2019-12-09T11:49:06;25.83;;;16.10;;
34507;SDS011;22037;55.106;36.814;2019-12-09T11:51:08;25.07;;;17.43;;
34507;SDS011;22037;55.106;36.814;2019-12-09T11:53:09;25.27;;;17.60;;
34507;SDS011;22037;55.106;36.814;2019-12-09T11:55:10;23.13;;;16.50;;
34507;SDS011;22037;55.106;36.814;2019-12-09T11:57:12;24.53;;;16.20;;
34507;SDS011;22037;55.106;36.814;2019-12-09T11:59:13;26.47;;;18.53;;
34507;SDS011;22037;55.106;36.814;2019-12-09T12:01:14;25.67;;;17.27;;
34507;SDS011;22037;55.106;36.814;2019-12-09T12:03:16;25.53;;;18.37;;
34507;SDS011;22037;55.106;36.814;2019-12-09T12:05:17;24.80;;;17.63;;
34507;SDS011;22037;55.106;36.814;2019-12-09T12:07:19;26.33;;;17.97;;
34507;SDS011;22037;55.106;36.814;2019-12-09T12:09:20;26.13;;;18.70;;
34507;SDS011;22037;55.106;36.814;2019-12-09T12:11:21;27.73;;;18.03;;
34507;SDS011;22037;55.106;36.814;2019-12-09T12:13:23;25.47;;;17.90;;
34507;SDS011;22037;55.106;36.814;2019-12-09T12:15:24;27.07;;;17.70;;
34507;SDS011;22037;55.106;36.814;2019-12-09T12:17:25;24.23;;;17.07;;
34507;SDS011;22037;55.106;36.814;2019-12-09T12:19:27;24.03;;;17.07;;
34507;SDS011;22037;55.106;36.814;2019-12-09T12:21:28;26.77;;;18.43;;
34507;SDS011;22037;55.106;36.814;2019-12-09T12:23:29;26.97;;;18.10;;
34507;SDS011;22037;55.106;36.814;2019-12-09T12:25:31;26.07;;;17.97;;
34507;SDS011;22037;55.106;36.814;2019-12-09T12:27:32;25.47;;;18.60;;
34507;SDS011;22037;55.106;36.814;2019-12-09T12:29:34;28.30;;;18.67;;
34507;SDS011;22037;55.106;36.814;2019-12-09T12:31:35;28.40;;;19.77;;
34507;SDS011;22037;55.106;36.814;2019-12-09T12:33:36;29.07;;;19.10;;
34507;SDS011;22037;55.106;36.814;2019-12-09T12:35:38;24.90;;;18.33;;
34507;SDS011;22037;55.106;36.814;2019-12-09T12:37:39;26.37;;;19.03;;
34507;SDS011;22037;55.106;36.814;2019-12-09T12:39:40;26.03;;;18.23;;
34507;SDS011;22037;55.106;36.814;2019-12-09T12:41:43;29.67;;;18.40;;
34507;SDS011;22037;55.106;36.814;2019-12-09T12:43:44;27.00;;;18.37;;
34507;SDS011;22037;55.106;36.814;2019-12-09T12:45:46;27.00;;;18.70;;
34507;SDS011;22037;55.106;36.814;2019-12-09T12:47:47;25.97;;;18.20;;
34507;SDS011;22037;55.106;36.814;2019-12-09T12:49:49;24.93;;;17.83;;
34507;SDS011;22037;55.106;36.814;2019-12-09T12:51:50;27.37;;;18.83;;
34507;SDS011;22037;55.106;36.814;2019-12-09T12:53:51;26.00;;;17.83;;
34507;SDS011;22037;55.106;36.814;2019-12-09T12:55:53;25.73;;;18.53;;
34507;SDS011;22037;55.106;36.814;2019-12-09T12:57:54;26.37;;;18.17;;
34507;SDS011;22037;55.106;36.814;2019-12-09T12:59:55;28.20;;;18.87;;
34507;SDS011;22037;55.106;36.814;2019-12-09T13:01:57;30.23;;;18.03;;
34507;SDS011;22037;55.106;36.814;2019-12-09T13:03:58;28.13;;;18.13;;
34507;SDS011;22037;55.106;36.814;2019-12-09T13:05:59;26.10;;;17.67;;
34507;SDS011;22037;55.106;36.814;2019-12-09T13:08:01;25.97;;;18.27;;
34507;SDS011;22037;55.106;36.814;2019-12-09T13:10:02;27.03;;;18.37;;
34507;SDS011;22037;55.106;36.814;2019-12-09T13:12:04;25.17;;;17.43;;
34507;SDS011;22037;55.106;36.814;2019-12-09T13:14:05;26.80;;;17.97;;
34507;SDS011;22037;55.106;36.814;2019-12-09T13:16:06;25.83;;;17.90;;
34507;SDS011;22037;55.106;36.814;2019-12-09T13:18:08;25.97;;;18.30;;
34507;SDS011;22037;55.106;36.814;2019-12-09T13:20:09;28.13;;;17.40;;
34507;SDS011;22037;55.106;36.814;2019-12-09T13:22:11;28.93;;;18.67;;
34507;SDS011;22037;55.106;36.814;2019-12-09T13:24:12;26.37;;;18.57;;
34507;SDS011;22037;55.106;36.814;2019-12-09T13:26:13;25.90;;;17.30;;
34507;SDS011;22037;55.106;36.814;2019-12-09T13:28:15;24.63;;;16.33;;
34507;SDS011;22037;55.106;36.814;2019-12-09T13:30:16;25.27;;;17.80;;
34507;SDS011;22037;55.106;36.814;2019-12-09T13:32:17;24.73;;;17.53;;
34507;SDS011;22037;55.106;36.814;2019-12-09T13:34:19;24.27;;;16.70;;
34507;SDS011;22037;55.106;36.814;2019-12-09T13:36:20;24.20;;;16.77;;
34507;SDS011;22037;55.106;36.814;2019-12-09T13:38:22;24.67;;;17.23;;
34507;SDS011;22037;55.106;36.814;2019-12-09T13:40:23;26.97;;;18.10;;
34507;SDS011;22037;55.106;36.814;2019-12-09T13:42:25;25.47;;;17.13;;
34507;SDS011;22037;55.106;36.814;2019-12-09T13:44:26;25.57;;;17.37;;
34507;SDS011;22037;55.106;36.814;2019-12-09T13:46:28;24.03;;;16.87;;
34507;SDS011;22037;55.106;36.814;2019-12-09T13:48:29;26.60;;;18.03;;
34507;SDS011;22037;55.106;36.814;2019-12-09T13:50:31;25.17;;;16.50;;
34507;SDS011;22037;55.106;36.814;2019-12-09T13:52:32;26.33;;;17.13;;
34507;SDS011;22037;55.106;36.814;2019-12-09T13:54:34;24.17;;;14.97;;
34507;SDS011;22037;55.106;36.814;2019-12-09T13:56:35;23.87;;;16.77;;
34507;SDS011;22037;55.106;36.814;2019-12-09T13:58:36;23.57;;;16.80;;
34507;SDS011;22037;55.106;36.814;2019-12-09T14:00:38;25.63;;;17.27;;
34507;SDS011;22037;55.106;36.814;2019-12-09T14:02:40;24.23;;;16.43;;
34507;SDS011;22037;55.106;36.814;2019-12-09T14:04:41;22.47;;;16.33;;
34507;SDS011;22037;55.106;36.814;2019-12-09T14:06:42;26.73;;;15.77;;
34507;SDS011;22037;55.106;36.814;2019-12-09T14:08:44;27.87;;;16.97;;
34507;SDS011;22037;55.106;36.814;2019-12-09T14:10:45;23.77;;;16.20;;
34507;SDS011;22037;55.106;36.814;2019-12-09T14:12:46;25.80;;;17.77;;
34507;SDS011;22037;55.106;36.814;2019-12-09T14:14:48;23.93;;;17.07;;
34507;SDS011;22037;55.106;36.814;2019-12-09T14:17:09;25.80;;;16.70;;
34507;SDS011;22037;55.106;36.814;2019-12-09T14:19:11;26.60;;;17.40;;
34507;SDS011;22037;55.106;36.814;2019-12-09T14:21:13;26.57;;;17.97;;
34507;SDS011;22037;55.106;36.814;2019-12-09T14:23:14;24.83;;;16.70;;
34507;SDS011;22037;55.106;36.814;2019-12-09T14:25:15;25.47;;;17.00;;
34507;SDS011;22037;55.106;36.814;2019-12-09T14:27:17;23.80;;;17.50;;
34507;SDS011;22037;55.106;36.814;2019-12-09T14:29:19;25.70;;;17.70;;
34507;SDS011;22037;55.106;36.814;2019-12-09T14:31:20;29.40;;;17.17;;
34507;SDS011;22037;55.106;36.814;2019-12-09T14:33:22;24.67;;;16.77;;
34507;SDS011;22037;55.106;36.814;2019-12-09T14:35:23;26.87;;;17.30;;
34507;SDS011;22037;55.106;36.814;2019-12-09T14:38:58;24.05;;;16.02;;
34507;SDS011;22037;55.106;36.814;2019-12-09T14:40:59;27.27;;;17.00;;
34507;SDS011;22037;55.106;36.814;2019-12-09T14:43:01;27.17;;;18.07;;
34507;SDS011;22037;55.106;36.814;2019-12-09T14:45:02;23.07;;;17.10;;
34507;SDS011;22037;55.106;36.814;2019-12-09T14:47:04;28.23;;;17.23;;
34507;SDS011;22037;55.106;36.814;2019-12-09T14:49:06;30.50;;;18.97;;
34507;SDS011;22037;55.106;36.814;2019-12-09T14:51:07;23.90;;;17.73;;
34507;SDS011;22037;55.106;36.814;2019-12-09T14:53:09;25.30;;;17.80;;
34507;SDS011;22037;55.106;36.814;2019-12-09T14:55:11;25.17;;;17.57;;
34507;SDS011;22037;55.106;36.814;2019-12-09T14:57:13;26.87;;;18.73;;
34507;SDS011;22037;55.106;36.814;2019-12-09T14:59:15;29.20;;;18.97;;
34507;SDS011;22037;55.106;36.814;2019-12-09T15:01:17;26.70;;;17.40;;
34507;SDS011;22037;55.106;36.814;2019-12-09T15:03:19;31.30;;;17.83;;
34507;SDS011;22037;55.106;36.814;2019-12-09T15:05:21;26.10;;;18.00;;
34507;SDS011;22037;55.106;36.814;2019-12-09T15:07:23;25.90;;;17.83;;
34507;SDS011;22037;55.106;36.814;2019-12-09T15:09:25;25.53;;;18.53;;
34507;SDS011;22037;55.106;36.814;2019-12-09T15:11:27;28.00;;;17.17;;
34507;SDS011;22037;55.106;36.814;2019-12-09T15:13:28;24.67;;;17.30;;
34507;SDS011;22037;55.106;36.814;2019-12-09T15:15:31;26.93;;;18.03;;
34507;SDS011;22037;55.106;36.814;2019-12-09T15:17:33;26.80;;;17.70;;
34507;SDS011;22037;55.106;36.814;2019-12-09T15:19:35;29.10;;;18.27;;
34507;SDS011;22037;55.106;36.814;2019-12-09T15:21:36;25.63;;;17.67;;
34507;SDS011;22037;55.106;36.814;2019-12-09T15:23:38;26.37;;;17.47;;
34507;SDS011;22037;55.106;36.814;2019-12-09T15:25:39;24.43;;;17.27;;
34507;SDS011;22037;55.106;36.814;2019-12-09T15:27:41;25.23;;;17.40;;
34507;SDS011;22037;55.106;36.814;2019-12-09T15:29:42;26.33;;;17.53;;
34507;SDS011;22037;55.106;36.814;2019-12-09T15:31:44;27.10;;;18.80;;
34507;SDS011;22037;55.106;36.814;2019-12-09T15:33:46;24.90;;;17.87;;
34507;SDS011;22037;55.106;36.814;2019-12-09T15:35:47;25.57;;;18.27;;
34507;SDS011;22037;55.106;36.814;2019-12-09T15:37:49;23.60;;;17.23;;
34507;SDS011;22037;55.106;36.814;2019-12-09T15:39:50;29.93;;;19.03;;
34507;SDS011;22037;55.106;36.814;2019-12-09T15:41:52;25.03;;;18.20;;
34507;SDS011;22037;55.106;36.814;2019-12-09T15:43:53;25.83;;;18.53;;
34507;SDS011;22037;55.106;36.814;2019-12-09T15:45:55;27.67;;;18.43;;
34507;SDS011;22037;55.106;36.814;2019-12-09T15:47:56;27.87;;;19.10;;
34507;SDS011;22037;55.106;36.814;2019-12-09T15:49:58;27.70;;;17.80;;
34507;SDS011;22037;55.106;36.814;2019-12-09T15:52:00;25.77;;;18.33;;
34507;SDS011;22037;55.106;36.814;2019-12-09T15:54:01;26.13;;;17.77;;
34507;SDS011;22037;55.106;36.814;2019-12-09T15:56:03;27.63;;;18.63;;
34507;SDS011;22037;55.106;36.814;2019-12-09T15:58:04;26.10;;;19.10;;
34507;SDS011;22037;55.106;36.814;2019-12-09T16:00:05;27.50;;;17.23;;
34507;SDS011;22037;55.106;36.814;2019-12-09T16:02:07;28.00;;;19.17;;
34507;SDS011;22037;55.106;36.814;2019-12-09T16:04:08;29.00;;;18.83;;
34507;SDS011;22037;55.106;36.814;2019-12-09T16:06:10;25.83;;;17.83;;
34507;SDS011;22037;55.106;36.814;2019-12-09T16:08:12;28.60;;;18.53;;
34507;SDS011;22037;55.106;36.814;2019-12-09T16:10:13;29.73;;;19.07;;
34507;SDS011;22037;55.106;36.814;2019-12-09T16:12:15;26.70;;;18.17;;
34507;SDS011;22037;55.106;36.814;2019-12-09T16:14:16;28.83;;;19.40;;
34507;SDS011;22037;55.106;36.814;2019-12-09T16:16:18;26.63;;;18.40;;
34507;SDS011;22037;55.106;36.814;2019-12-09T16:18:19;27.70;;;19.23;;
34507;SDS011;22037;55.106;36.814;2019-12-09T16:20:20;28.33;;;18.80;;
34507;SDS011;22037;55.106;36.814;2019-12-09T16:22:22;29.07;;;19.23;;
34507;SDS011;22037;55.106;36.814;2019-12-09T16:24:23;25.87;;;17.43;;
34507;SDS011;22037;55.106;36.814;2019-12-09T16:26:25;26.43;;;17.90;;
34507;SDS011;22037;55.106;36.814;2019-12-09T16:28:26;27.40;;;18.37;;
34507;SDS011;22037;55.106;36.814;2019-12-09T16:30:27;28.87;;;19.27;;
34507;SDS011;22037;55.106;36.814;2019-12-09T16:32:29;25.67;;;19.53;;
34507;SDS011;22037;55.106;36.814;2019-12-09T16:34:30;30.43;;;19.30;;
34507;SDS011;22037;55.106;36.814;2019-12-09T16:36:33;28.77;;;18.57;;
34507;SDS011;22037;55.106;36.814;2019-12-09T16:38:34;30.40;;;19.27;;
34507;SDS011;22037;55.106;36.814;2019-12-09T16:40:35;29.50;;;18.73;;
34507;SDS011;22037;55.106;36.814;2019-12-09T16:42:37;25.67;;;18.27;;
34507;SDS011;22037;55.106;36.814;2019-12-09T16:44:38;26.90;;;18.63;;
34507;SDS011;22037;55.106;36.814;2019-12-09T16:46:40;26.97;;;18.87;;
34507;SDS011;22037;55.106;36.814;2019-12-09T16:48:42;28.77;;;19.50;;
34507;SDS011;22037;55.106;36.814;2019-12-09T16:50:43;27.47;;;19.00;;
34507;SDS011;22037;55.106;36.814;2019-12-09T16:52:45;29.70;;;19.00;;
34507;SDS011;22037;55.106;36.814;2019-12-09T16:54:46;27.73;;;18.47;;
34507;SDS011;22037;55.106;36.814;2019-12-09T16:56:48;29.10;;;18.70;;
34507;SDS011;22037;55.106;36.814;2019-12-09T16:58:49;27.47;;;18.67;;
34507;SDS011;22037;55.106;36.814;2019-12-09T17:01:10;29.77;;;19.13;;
34507;SDS011;22037;55.106;36.814;2019-12-09T17:03:30;33.03;;;19.80;;
34507;SDS011;22037;55.106;36.814;2019-12-09T17:05:49;26.53;;;17.77;;
34507;SDS011;22037;55.106;36.814;2019-12-09T17:08:10;26.00;;;18.77;;
34507;SDS011;22037;55.106;36.814;2019-12-09T17:10:12;27.07;;;19.20;;
34507;SDS011;22037;55.106;36.814;2019-12-09T17:12:13;29.83;;;19.07;;
34507;SDS011;22037;55.106;36.814;2019-12-09T17:14:15;30.13;;;19.03;;
34507;SDS011;22037;55.106;36.814;2019-12-09T17:16:16;26.97;;;18.57;;
34507;SDS011;22037;55.106;36.814;2019-12-09T17:18:17;30.20;;;18.73;;
34507;SDS011;22037;55.106;36.814;2019-12-09T17:20:19;25.97;;;18.87;;
34507;SDS011;22037;55.106;36.814;2019-12-09T17:22:20;27.73;;;18.90;;
34507;SDS011;22037;55.106;36.814;2019-12-09T17:24:21;28.73;;;18.97;;
34507;SDS011;22037;55.106;36.814;2019-12-09T17:26:23;28.03;;;18.30;;
34507;SDS011;22037;55.106;36.814;2019-12-09T17:28:25;27.47;;;18.87;;
34507;SDS011;22037;55.106;36.814;2019-12-09T17:30:26;28.70;;;18.17;;
34507;SDS011;22037;55.106;36.814;2019-12-09T17:32:27;24.93;;;18.13;;
34507;SDS011;22037;55.106;36.814;2019-12-09T17:34:29;29.57;;;18.30;;
34507;SDS011;22037;55.106;36.814;2019-12-09T17:36:30;25.97;;;18.37;;
34507;SDS011;22037;55.106;36.814;2019-12-09T17:38:32;29.43;;;19.87;;
34507;SDS011;22037;55.106;36.814;2019-12-09T17:40:33;27.23;;;19.00;;
34507;SDS011;22037;55.106;36.814;2019-12-09T17:42:34;28.20;;;18.50;;
34507;SDS011;22037;55.106;36.814;2019-12-09T17:44:36;26.87;;;19.77;;
34507;SDS011;22037;55.106;36.814;2019-12-09T17:46:37;26.70;;;18.90;;
34507;SDS011;22037;55.106;36.814;2019-12-09T17:48:38;29.67;;;19.97;;
34507;SDS011;22037;55.106;36.814;2019-12-09T17:50:40;30.07;;;20.47;;
34507;SDS011;22037;55.106;36.814;2019-12-09T17:52:41;28.27;;;19.77;;
34507;SDS011;22037;55.106;36.814;2019-12-09T17:54:42;29.40;;;20.00;;
34507;SDS011;22037;55.106;36.814;2019-12-09T17:56:44;26.40;;;18.57;;
34507;SDS011;22037;55.106;36.814;2019-12-09T17:58:45;33.50;;;19.63;;
34507;SDS011;22037;55.106;36.814;2019-12-09T18:00:47;24.97;;;18.67;;
34507;SDS011;22037;55.106;36.814;2019-12-09T18:02:48;29.87;;;18.83;;
34507;SDS011;22037;55.106;36.814;2019-12-09T18:04:50;28.27;;;19.40;;
34507;SDS011;22037;55.106;36.814;2019-12-09T18:06:51;28.97;;;19.10;;
34507;SDS011;22037;55.106;36.814;2019-12-09T18:08:52;30.10;;;19.03;;
34507;SDS011;22037;55.106;36.814;2019-12-09T18:10:54;25.60;;;18.67;;
34507;SDS011;22037;55.106;36.814;2019-12-09T18:12:55;29.10;;;20.53;;
34507;SDS011;22037;55.106;36.814;2019-12-09T18:14:56;30.00;;;19.63;;
34507;SDS011;22037;55.106;36.814;2019-12-09T18:16:58;28.60;;;19.47;;
34507;SDS011;22037;55.106;36.814;2019-12-09T18:19:00;28.27;;;17.73;;
34507;SDS011;22037;55.106;36.814;2019-12-09T18:21:01;27.27;;;18.57;;
34507;SDS011;22037;55.106;36.814;2019-12-09T18:23:03;27.07;;;19.03;;
34507;SDS011;22037;55.106;36.814;2019-12-09T18:25:05;29.50;;;18.93;;
34507;SDS011;22037;55.106;36.814;2019-12-09T18:27:06;29.63;;;19.23;;
34507;SDS011;22037;55.106;36.814;2019-12-09T18:29:07;28.50;;;18.97;;
34507;SDS011;22037;55.106;36.814;2019-12-09T18:31:09;28.47;;;19.50;;
34507;SDS011;22037;55.106;36.814;2019-12-09T18:33:11;29.63;;;19.80;;
34507;SDS011;22037;55.106;36.814;2019-12-09T18:35:12;26.93;;;19.10;;
34507;SDS011;22037;55.106;36.814;2019-12-09T18:37:14;27.87;;;19.77;;
34507;SDS011;22037;55.106;36.814;2019-12-09T18:39:15;31.53;;;19.90;;
34507;SDS011;22037;55.106;36.814;2019-12-09T18:41:17;30.17;;;20.90;;
34507;SDS011;22037;55.106;36.814;2019-12-09T18:43:18;27.50;;;20.13;;
34507;SDS011;22037;55.106;36.814;2019-12-09T18:45:20;28.00;;;19.87;;
34507;SDS011;22037;55.106;36.814;2019-12-09T18:47:42;28.43;;;20.10;;
34507;SDS011;22037;55.106;36.814;2019-12-09T18:50:05;32.97;;;19.30;;
34507;SDS011;22037;55.106;36.814;2019-12-09T18:52:39;28.10;;;19.33;;
34507;SDS011;22037;55.106;36.814;2019-12-09T18:54:42;28.70;;;19.60;;
34507;SDS011;22037;55.106;36.814;2019-12-09T18:56:44;28.97;;;20.27;;
34507;SDS011;22037;55.106;36.814;2019-12-09T18:58:46;27.10;;;19.97;;
34507;SDS011;22037;55.106;36.814;2019-12-09T19:00:47;27.50;;;18.17;;
34507;SDS011;22037;55.106;36.814;2019-12-09T19:02:49;27.13;;;18.87;;
34507;SDS011;22037;55.106;36.814;2019-12-09T19:04:50;29.90;;;20.10;;
34507;SDS011;22037;55.106;36.814;2019-12-09T19:06:53;25.20;;;18.30;;
34507;SDS011;22037;55.106;36.814;2019-12-09T19:08:54;26.63;;;18.43;;
34507;SDS011;22037;55.106;36.814;2019-12-09T19:10:56;26.07;;;19.17;;
34507;SDS011;22037;55.106;36.814;2019-12-09T19:12:58;31.40;;;20.47;;
34507;SDS011;22037;55.106;36.814;2019-12-09T19:14:59;28.83;;;19.20;;
34507;SDS011;22037;55.106;36.814;2019-12-09T19:17:00;30.17;;;19.27;;
34507;SDS011;22037;55.106;36.814;2019-12-09T19:19:02;30.03;;;20.67;;
34507;SDS011;22037;55.106;36.814;2019-12-09T19:21:03;29.77;;;19.77;;
34507;SDS011;22037;55.106;36.814;2019-12-09T19:23:05;29.73;;;19.97;;
34507;SDS011;22037;55.106;36.814;2019-12-09T19:25:06;28.73;;;19.93;;
34507;SDS011;22037;55.106;36.814;2019-12-09T19:27:07;27.90;;;19.17;;
34507;SDS011;22037;55.106;36.814;2019-12-09T19:29:09;29.30;;;21.13;;
34507;SDS011;22037;55.106;36.814;2019-12-09T19:31:10;32.43;;;20.43;;
34507;SDS011;22037;55.106;36.814;2019-12-09T19:33:12;27.83;;;19.37;;
34507;SDS011;22037;55.106;36.814;2019-12-09T19:35:13;29.60;;;20.67;;
34507;SDS011;22037;55.106;36.814;2019-12-09T19:37:14;29.33;;;20.30;;
34507;SDS011;22037;55.106;36.814;2019-12-09T19:39:16;27.63;;;20.63;;
34507;SDS011;22037;55.106;36.814;2019-12-09T19:41:17;27.90;;;19.83;;
34507;SDS011;22037;55.106;36.814;2019-12-09T19:43:18;29.70;;;20.37;;
34507;SDS011;22037;55.106;36.814;2019-12-09T19:45:20;32.73;;;21.73;;
34507;SDS011;22037;55.106;36.814;2019-12-09T19:47:21;32.77;;;21.10;;
34507;SDS011;22037;55.106;36.814;2019-12-09T19:49:22;31.23;;;21.27;;
34507;SDS011;22037;55.106;36.814;2019-12-09T19:51:24;28.13;;;20.60;;
34507;SDS011;22037;55.106;36.814;2019-12-09T19:53:25;30.17;;;21.07;;
34507;SDS011;22037;55.106;36.814;2019-12-09T19:55:26;28.37;;;20.77;;
34507;SDS011;22037;55.106;36.814;2019-12-09T19:57:28;31.87;;;21.73;;
34507;SDS011;22037;55.106;36.814;2019-12-09T19:59:29;28.13;;;20.10;;
34507;SDS011;22037;55.106;36.814;2019-12-09T20:01:31;31.10;;;21.40;;
34507;SDS011;22037;55.106;36.814;2019-12-09T20:03:32;30.40;;;20.87;;
34507;SDS011;22037;55.106;36.814;2019-12-09T20:05:33;32.27;;;21.67;;
34507;SDS011;22037;55.106;36.814;2019-12-09T20:07:35;30.00;;;21.13;;
34507;SDS011;22037;55.106;36.814;2019-12-09T20:09:36;30.70;;;21.27;;
34507;SDS011;22037;55.106;36.814;2019-12-09T20:11:37;35.13;;;22.13;;
34507;SDS011;22037;55.106;36.814;2019-12-09T20:13:39;30.10;;;21.80;;
34507;SDS011;22037;55.106;36.814;2019-12-09T20:15:40;31.90;;;22.87;;
34507;SDS011;22037;55.106;36.814;2019-12-09T20:17:42;31.40;;;22.83;;
34507;SDS011;22037;55.106;36.814;2019-12-09T20:19:58;33.40;;;22.95;;
34507;SDS011;22037;55.106;36.814;2019-12-09T20:22:00;34.07;;;22.57;;
34507;SDS011;22037;55.106;36.814;2019-12-09T20:24:12;34.40;;;21.87;;
34507;SDS011;22037;55.106;36.814;2019-12-09T20:28:50;40.73;;;22.93;;
34507;SDS011;22037;55.106;36.814;2019-12-09T20:30:51;35.10;;;22.77;;
34507;SDS011;22037;55.106;36.814;2019-12-09T20:32:53;31.43;;;21.53;;
34507;SDS011;22037;55.106;36.814;2019-12-09T20:34:54;35.27;;;24.10;;
34507;SDS011;22037;55.106;36.814;2019-12-09T20:36:56;34.63;;;23.67;;
34507;SDS011;22037;55.106;36.814;2019-12-09T20:38:57;35.83;;;23.23;;
34507;SDS011;22037;55.106;36.814;2019-12-09T20:40:58;31.23;;;22.13;;
34507;SDS011;22037;55.106;36.814;2019-12-09T20:43:00;34.90;;;24.27;;
34507;SDS011;22037;55.106;36.814;2019-12-09T20:45:01;35.10;;;22.60;;
34507;SDS011;22037;55.106;36.814;2019-12-09T20:47:02;33.07;;;22.40;;
34507;SDS011;22037;55.106;36.814;2019-12-09T20:49:04;33.50;;;23.13;;
34507;SDS011;22037;55.106;36.814;2019-12-09T20:51:06;33.60;;;22.83;;
34507;SDS011;22037;55.106;36.814;2019-12-09T20:53:08;35.07;;;24.83;;
34507;SDS011;22037;55.106;36.814;2019-12-09T20:55:09;33.47;;;22.10;;
34507;SDS011;22037;55.106;36.814;2019-12-09T20:57:11;32.33;;;22.10;;
34507;SDS011;22037;55.106;36.814;2019-12-09T20:59:12;33.97;;;22.13;;
34507;SDS011;22037;55.106;36.814;2019-12-09T21:01:13;33.47;;;22.13;;
34507;SDS011;22037;55.106;36.814;2019-12-09T21:03:15;34.77;;;23.40;;
34507;SDS011;22037;55.106;36.814;2019-12-09T21:05:16;32.17;;;23.07;;
34507;SDS011;22037;55.106;36.814;2019-12-09T21:07:17;34.00;;;22.63;;
34507;SDS011;22037;55.106;36.814;2019-12-09T21:09:19;35.03;;;22.30;;
34507;SDS011;22037;55.106;36.814;2019-12-09T21:11:20;34.73;;;22.43;;
34507;SDS011;22037;55.106;36.814;2019-12-09T21:13:21;32.73;;;22.57;;
34507;SDS011;22037;55.106;36.814;2019-12-09T21:15:23;35.93;;;23.70;;
34507;SDS011;22037;55.106;36.814;2019-12-09T21:17:24;30.97;;;22.80;;
34507;SDS011;22037;55.106;36.814;2019-12-09T21:19:25;34.87;;;21.97;;
34507;SDS011;22037;55.106;36.814;2019-12-09T21:21:27;34.87;;;22.73;;
34507;SDS011;22037;55.106;36.814;2019-12-09T21:23:28;34.60;;;22.97;;
34507;SDS011;22037;55.106;36.814;2019-12-09T21:25:29;36.73;;;22.90;;
34507;SDS011;22037;55.106;36.814;2019-12-09T21:27:31;32.07;;;22.10;;
34507;SDS011;22037;55.106;36.814;2019-12-09T21:29:32;31.17;;;22.13;;
34507;SDS011;22037;55.106;36.814;2019-12-09T21:31:34;32.83;;;22.87;;
34507;SDS011;22037;55.106;36.814;2019-12-09T21:33:35;32.63;;;22.27;;
34507;SDS011;22037;55.106;36.814;2019-12-09T21:35:36;36.97;;;23.57;;
34507;SDS011;22037;55.106;36.814;2019-12-09T21:37:38;32.43;;;22.57;;
34507;SDS011;22037;55.106;36.814;2019-12-09T21:39:39;37.07;;;22.70;;
34507;SDS011;22037;55.106;36.814;2019-12-09T21:41:40;31.00;;;21.73;;
34507;SDS011;22037;55.106;36.814;2019-12-09T21:43:42;33.27;;;23.30;;
34507;SDS011;22037;55.106;36.814;2019-12-09T21:45:43;32.67;;;22.67;;
34507;SDS011;22037;55.106;36.814;2019-12-09T21:47:44;30.37;;;21.53;;
34507;SDS011;22037;55.106;36.814;2019-12-09T21:49:46;33.47;;;21.20;;
34507;SDS011;22037;55.106;36.814;2019-12-09T21:51:47;32.67;;;22.27;;
34507;SDS011;22037;55.106;36.814;2019-12-09T21:53:48;33.33;;;21.77;;
34507;SDS011;22037;55.106;36.814;2019-12-09T21:55:50;33.97;;;24.33;;
34507;SDS011;22037;55.106;36.814;2019-12-09T21:57:51;32.67;;;22.10;;
34507;SDS011;22037;55.106;36.814;2019-12-09T21:59:52;31.53;;;22.13;;
34507;SDS011;22037;55.106;36.814;2019-12-09T22:01:54;32.37;;;23.13;;
34507;SDS011;22037;55.106;36.814;2019-12-09T22:04:13;34.03;;;23.53;;
34507;SDS011;22037;55.106;36.814;2019-12-09T22:07:08;34.40;;;22.20;;
34507;SDS011;22037;55.106;36.814;2019-12-09T22:09:13;32.97;;;22.17;;
34507;SDS011;22037;55.106;36.814;2019-12-09T22:11:14;32.83;;;22.73;;
34507;SDS011;22037;55.106;36.814;2019-12-09T22:13:16;36.97;;;22.30;;
34507;SDS011;22037;55.106;36.814;2019-12-09T22:15:17;34.67;;;22.47;;
34507;SDS011;22037;55.106;36.814;2019-12-09T22:17:18;34.00;;;22.17;;
34507;SDS011;22037;55.106;36.814;2019-12-09T22:19:20;32.63;;;23.23;;
34507;SDS011;22037;55.106;36.814;2019-12-09T22:21:21;39.07;;;23.87;;
34507;SDS011;22037;55.106;36.814;2019-12-09T22:23:23;35.43;;;23.57;;
34507;SDS011;22037;55.106;36.814;2019-12-09T22:25:24;39.37;;;23.63;;
34507;SDS011;22037;55.106;36.814;2019-12-09T22:27:26;35.50;;;22.60;;
34507;SDS011;22037;55.106;36.814;2019-12-09T22:29:28;34.03;;;22.67;;
34507;SDS011;22037;55.106;36.814;2019-12-09T22:31:29;32.60;;;22.10;;
34507;SDS011;22037;55.106;36.814;2019-12-09T22:33:30;33.83;;;22.73;;
34507;SDS011;22037;55.106;36.814;2019-12-09T22:35:32;34.40;;;22.73;;
34507;SDS011;22037;55.106;36.814;2019-12-09T22:37:33;33.40;;;23.10;;
34507;SDS011;22037;55.106;36.814;2019-12-09T22:39:34;34.00;;;21.23;;
34507;SDS011;22037;55.106;36.814;2019-12-09T22:41:36;33.13;;;22.07;;
34507;SDS011;22037;55.106;36.814;2019-12-09T22:43:37;31.30;;;21.90;;
34507;SDS011;22037;55.106;36.814;2019-12-09T22:45:38;36.77;;;23.03;;
34507;SDS011;22037;55.106;36.814;2019-12-09T22:47:40;32.53;;;21.67;;
34507;SDS011;22037;55.106;36.814;2019-12-09T22:49:41;33.60;;;22.73;;
34507;SDS011;22037;55.106;36.814;2019-12-09T22:51:43;31.40;;;21.77;;
34507;SDS011;22037;55.106;36.814;2019-12-09T22:53:44;38.63;;;22.77;;
34507;SDS011;22037;55.106;36.814;2019-12-09T22:55:45;34.20;;;22.73;;
34507;SDS011;22037;55.106;36.814;2019-12-09T22:57:47;33.07;;;23.37;;
34507;SDS011;22037;55.106;36.814;2019-12-09T22:59:48;33.80;;;23.60;;
34507;SDS011;22037;55.106;36.814;2019-12-09T23:01:49;37.03;;;24.00;;
34507;SDS011;22037;55.106;36.814;2019-12-09T23:03:51;38.67;;;25.33;;
34507;SDS011;22037;55.106;36.814;2019-12-09T23:05:52;36.13;;;24.23;;
34507;SDS011;22037;55.106;36.814;2019-12-09T23:07:54;32.43;;;22.97;;
34507;SDS011;22037;55.106;36.814;2019-12-09T23:09:55;34.53;;;24.53;;
34507;SDS011;22037;55.106;36.814;2019-12-09T23:11:56;35.00;;;25.07;;
34507;SDS011;22037;55.106;36.814;2019-12-09T23:13:58;33.40;;;24.33;;
34507;SDS011;22037;55.106;36.814;2019-12-09T23:15:59;34.50;;;23.13;;
34507;SDS011;22037;55.106;36.814;2019-12-09T23:18:00;35.17;;;23.87;;
34507;SDS011;22037;55.106;36.814;2019-12-09T23:20:02;35.77;;;24.20;;
34507;SDS011;22037;55.106;36.814;2019-12-09T23:22:03;33.63;;;23.13;;
34507;SDS011;22037;55.106;36.814;2019-12-09T23:24:05;33.40;;;23.03;;
34507;SDS011;22037;55.106;36.814;2019-12-09T23:26:06;30.70;;;22.30;;
34507;SDS011;22037;55.106;36.814;2019-12-09T23:28:07;35.87;;;23.00;;
34507;SDS011;22037;55.106;36.814;2019-12-09T23:30:09;34.50;;;23.53;;
34507;SDS011;22037;55.106;36.814;2019-12-09T23:32:10;31.80;;;23.47;;
34507;SDS011;22037;55.106;36.814;2019-12-09T23:34:12;34.17;;;22.83;;
34507;SDS011;22037;55.106;36.814;2019-12-09T23:36:13;32.30;;;21.47;;
34507;SDS011;22037;55.106;36.814;2019-12-09T23:38:14;33.30;;;23.70;;
34507;SDS011;22037;55.106;36.814;2019-12-09T23:40:16;33.70;;;24.60;;
34507;SDS011;22037;55.106;36.814;2019-12-09T23:42:17;34.63;;;24.13;;
34507;SDS011;22037;55.106;36.814;2019-12-09T23:44:19;32.53;;;23.90;;
34507;SDS011;22037;55.106;36.814;2019-12-09T23:46:20;33.70;;;23.60;;
34507;SDS011;22037;55.106;36.814;2019-12-09T23:48:21;33.53;;;24.10;;
34507;SDS011;22037;55.106;36.814;2019-12-09T23:50:23;34.50;;;23.70;;
34507;SDS011;22037;55.106;36.814;2019-12-09T23:52:24;32.53;;;23.10;;
34507;SDS011;22037;55.106;36.814;2019-12-09T23:54:25;32.83;;;24.20;;
34507;SDS011;22037;55.106;36.814;2019-12-09T23:56:27;32.47;;;23.83;;
34507;SDS011;22037;55.106;36.814;2019-12-09T23:58:28;35.53;;;23.80;;
