sensor_id;sensor_type;location;lat;lon;timestamp;P1;durP1;ratioP1;P2;durP2;ratioP2
35985;SDS011;22060;55.900;37.528;2019-12-09T17:40:47;27.90;;;10.85;;
35985;SDS011;22060;55.900;37.528;2019-12-09T17:43:12;19.48;;;9.20;;
35985;SDS011;22060;55.900;37.528;2019-12-09T17:55:16;24.48;;;12.13;;
35985;SDS011;22060;55.900;37.528;2019-12-09T18:02:26;27.77;;;10.52;;
35985;SDS011;22060;55.900;37.528;2019-12-09T18:04:55;21.95;;;9.63;;
35985;SDS011;22060;55.900;37.528;2019-12-09T18:07:23;21.27;;;10.73;;
35985;SDS011;22060;55.900;37.528;2019-12-09T18:09:54;24.10;;;8.68;;
35985;SDS011;22060;55.900;37.528;2019-12-09T18:12:23;22.87;;;10.73;;
35985;SDS011;22060;55.900;37.528;2019-12-09T18:14:52;29.27;;;11.43;;
35985;SDS011;22060;55.900;37.528;2019-12-09T18:17:21;21.40;;;11.18;;
35985;SDS011;22060;55.900;37.528;2019-12-09T18:20:57;38.47;;;9.85;;
35985;SDS011;22060;55.900;37.528;2019-12-09T18:23:26;34.60;;;12.57;;
35985;SDS011;22060;55.900;37.528;2019-12-09T18:36:21;31.15;;;9.80;;
35985;SDS011;22060;55.900;37.528;2019-12-09T18:38:54;17.87;;;11.12;;
35985;SDS011;22060;55.900;37.528;2019-12-09T18:41:30;18.67;;;10.30;;
35985;SDS011;22060;55.900;37.528;2019-12-09T18:44:04;19.23;;;10.50;;
35985;SDS011;22060;55.900;37.528;2019-12-09T18:46:41;20.67;;;8.95;;
35985;SDS011;22060;55.900;37.528;2019-12-09T18:50:52;27.35;;;12.65;;
35985;SDS011;22060;55.900;37.528;2019-12-09T18:53:33;24.25;;;10.57;;
35985;SDS011;22060;55.900;37.528;2019-12-09T18:56:10;20.45;;;9.88;;
35985;SDS011;22060;55.900;37.528;2019-12-09T18:58:44;17.08;;;8.73;;
35985;SDS011;22060;55.900;37.528;2019-12-09T19:01:20;20.60;;;10.02;;
35985;SDS011;22060;55.900;37.528;2019-12-09T19:03:58;16.73;;;9.40;;
35985;SDS011;22060;55.900;37.528;2019-12-09T19:06:34;22.58;;;10.63;;
35985;SDS011;22060;55.900;37.528;2019-12-09T19:09:12;23.15;;;10.80;;
35985;SDS011;22060;55.900;37.528;2019-12-09T19:11:46;19.58;;;10.68;;
35985;SDS011;22060;55.900;37.528;2019-12-09T19:14:27;30.83;;;9.68;;
35985;SDS011;22060;55.900;37.528;2019-12-09T19:17:08;20.52;;;8.52;;
35985;SDS011;22060;55.900;37.528;2019-12-09T19:19:43;19.10;;;11.07;;
35985;SDS011;22060;55.900;37.528;2019-12-09T19:22:18;28.52;;;10.38;;
35985;SDS011;22060;55.900;37.528;2019-12-09T19:24:57;23.35;;;10.77;;
35985;SDS011;22060;55.900;37.528;2019-12-09T19:27:33;20.23;;;10.45;;
35985;SDS011;22060;55.900;37.528;2019-12-09T20:07:38;43.97;;;15.25;;
35985;SDS011;22060;55.900;37.528;2019-12-09T20:10:13;33.35;;;13.30;;
35985;SDS011;22060;55.900;37.528;2019-12-09T20:12:47;42.30;;;13.05;;
35985;SDS011;22060;55.900;37.528;2019-12-09T20:15:24;33.80;;;14.07;;
35985;SDS011;22060;55.900;37.528;2019-12-09T20:18:00;41.17;;;13.00;;
35985;SDS011;22060;55.900;37.528;2019-12-09T20:20:45;40.90;;;15.60;;
35985;SDS011;22060;55.900;37.528;2019-12-09T20:23:44;47.30;;;13.05;;
35985;SDS011;22060;55.900;37.528;2019-12-09T20:27:41;48.13;;;15.52;;
35985;SDS011;22060;55.900;37.528;2019-12-09T20:32:17;29.48;;;12.65;;
35985;SDS011;22060;55.900;37.528;2019-12-09T20:34:51;34.08;;;11.07;;
35985;SDS011;22060;55.900;37.528;2019-12-09T20:41:04;38.28;;;11.45;;
35985;SDS011;22060;55.900;37.528;2019-12-09T20:43:37;40.22;;;11.32;;
35985;SDS011;22060;55.900;37.528;2019-12-09T20:46:12;28.70;;;10.65;;
35985;SDS011;22060;55.900;37.528;2019-12-09T20:48:45;30.48;;;10.55;;
35985;SDS011;22060;55.900;37.528;2019-12-09T20:51:18;30.95;;;11.07;;
35985;SDS011;22060;55.900;37.528;2019-12-09T20:53:53;33.00;;;10.82;;
35985;SDS011;22060;55.900;37.528;2019-12-09T20:56:29;31.52;;;11.82;;
35985;SDS011;22060;55.900;37.528;2019-12-09T20:59:10;27.08;;;10.70;;
35985;SDS011;22060;55.900;37.528;2019-12-09T21:01:43;28.12;;;12.13;;
35985;SDS011;22060;55.900;37.528;2019-12-09T21:04:35;36.65;;;13.62;;
35985;SDS011;22060;55.900;37.528;2019-12-09T21:07:27;37.80;;;14.60;;
35985;SDS011;22060;55.900;37.528;2019-12-09T21:10:19;40.95;;;13.93;;
35985;SDS011;22060;55.900;37.528;2019-12-09T21:13:19;60.22;;;16.95;;
35985;SDS011;22060;55.900;37.528;2019-12-09T21:16:19;71.68;;;19.17;;
35985;SDS011;22060;55.900;37.528;2019-12-09T21:18:54;65.47;;;15.32;;
35985;SDS011;22060;55.900;37.528;2019-12-09T21:21:28;43.03;;;16.17;;
35985;SDS011;22060;55.900;37.528;2019-12-09T21:24:05;32.50;;;14.00;;
35985;SDS011;22060;55.900;37.528;2019-12-09T21:26:40;37.95;;;14.75;;
35985;SDS011;22060;55.900;37.528;2019-12-09T21:29:18;41.15;;;15.60;;
35985;SDS011;22060;55.900;37.528;2019-12-09T21:31:52;35.67;;;13.50;;
35985;SDS011;22060;55.900;37.528;2019-12-09T21:34:28;34.65;;;14.02;;
35985;SDS011;22060;55.900;37.528;2019-12-09T21:37:02;29.17;;;11.65;;
35985;SDS011;22060;55.900;37.528;2019-12-09T21:39:36;30.10;;;12.23;;
35985;SDS011;22060;55.900;37.528;2019-12-09T21:42:11;36.30;;;11.65;;
35985;SDS011;22060;55.900;37.528;2019-12-09T21:44:46;29.50;;;12.85;;
35985;SDS011;22060;55.900;37.528;2019-12-09T21:47:20;24.87;;;12.37;;
35985;SDS011;22060;55.900;37.528;2019-12-09T21:50:02;25.08;;;11.50;;
35985;SDS011;22060;55.900;37.528;2019-12-09T21:52:45;25.90;;;11.90;;
35985;SDS011;22060;55.900;37.528;2019-12-09T21:55:29;24.07;;;10.67;;
35985;SDS011;22060;55.900;37.528;2019-12-09T21:58:05;30.12;;;9.90;;
35985;SDS011;22060;55.900;37.528;2019-12-09T22:00:41;21.73;;;10.10;;
35985;SDS011;22060;55.900;37.528;2019-12-09T22:04:41;17.65;;;9.65;;
35985;SDS011;22060;55.900;37.528;2019-12-09T22:07:34;23.77;;;10.20;;
35985;SDS011;22060;55.900;37.528;2019-12-09T22:10:10;24.75;;;10.35;;
35985;SDS011;22060;55.900;37.528;2019-12-09T22:12:47;21.15;;;9.23;;
35985;SDS011;22060;55.900;37.528;2019-12-09T22:15:22;17.77;;;9.30;;
35985;SDS011;22060;55.900;37.528;2019-12-09T22:17:56;16.48;;;8.68;;
35985;SDS011;22060;55.900;37.528;2019-12-09T22:20:29;19.50;;;10.07;;
35985;SDS011;22060;55.900;37.528;2019-12-09T22:23:02;16.23;;;8.73;;
35985;SDS011;22060;55.900;37.528;2019-12-09T22:25:35;14.90;;;8.70;;
35985;SDS011;22060;55.900;37.528;2019-12-09T22:28:08;17.00;;;8.70;;
35985;SDS011;22060;55.900;37.528;2019-12-09T22:30:45;18.23;;;9.23;;
35985;SDS011;22060;55.900;37.528;2019-12-09T22:33:18;18.85;;;8.45;;
35985;SDS011;22060;55.900;37.528;2019-12-09T22:35:54;18.23;;;8.98;;
35985;SDS011;22060;55.900;37.528;2019-12-09T22:38:43;14.25;;;8.75;;
35985;SDS011;22060;55.900;37.528;2019-12-09T22:41:32;16.77;;;9.20;;
35985;SDS011;22060;55.900;37.528;2019-12-09T22:44:06;15.52;;;8.10;;
35985;SDS011;22060;55.900;37.528;2019-12-09T22:46:50;14.20;;;8.25;;
35985;SDS011;22060;55.900;37.528;2019-12-09T22:49:34;13.23;;;7.23;;
35985;SDS011;22060;55.900;37.528;2019-12-09T22:52:22;16.02;;;7.47;;
35985;SDS011;22060;55.900;37.528;2019-12-09T22:55:04;18.25;;;8.73;;
35985;SDS011;22060;55.900;37.528;2019-12-09T22:57:42;14.38;;;8.23;;
35985;SDS011;22060;55.900;37.528;2019-12-09T23:00:17;18.20;;;8.30;;
35985;SDS011;22060;55.900;37.528;2019-12-09T23:03:12;17.00;;;8.02;;
35985;SDS011;22060;55.900;37.528;2019-12-09T23:05:52;12.82;;;7.75;;
35985;SDS011;22060;55.900;37.528;2019-12-09T23:08:27;13.52;;;8.50;;
35985;SDS011;22060;55.900;37.528;2019-12-09T23:11:05;14.90;;;7.78;;
35985;SDS011;22060;55.900;37.528;2019-12-09T23:13:47;15.63;;;7.53;;
35985;SDS011;22060;55.900;37.528;2019-12-09T23:16:30;13.20;;;7.53;;
35985;SDS011;22060;55.900;37.528;2019-12-09T23:20:01;10.10;;;7.20;;
35985;SDS011;22060;55.900;37.528;2019-12-09T23:22:39;15.80;;;8.00;;
35985;SDS011;22060;55.900;37.528;2019-12-09T23:25:14;10.52;;;7.05;;
35985;SDS011;22060;55.900;37.528;2019-12-09T23:27:55;10.48;;;6.87;;
35985;SDS011;22060;55.900;37.528;2019-12-09T23:30:38;15.05;;;7.53;;
35985;SDS011;22060;55.900;37.528;2019-12-09T23:33:21;15.18;;;7.65;;
35985;SDS011;22060;55.900;37.528;2019-12-09T23:36:06;11.80;;;7.70;;
35985;SDS011;22060;55.900;37.528;2019-12-09T23:38:48;12.23;;;7.20;;
35985;SDS011;22060;55.900;37.528;2019-12-09T23:41:25;12.68;;;7.10;;
35985;SDS011;22060;55.900;37.528;2019-12-09T23:44:02;13.13;;;6.93;;
35985;SDS011;22060;55.900;37.528;2019-12-09T23:46:42;13.95;;;7.50;;
35985;SDS011;22060;55.900;37.528;2019-12-09T23:49:19;15.48;;;7.22;;
35985;SDS011;22060;55.900;37.528;2019-12-09T23:51:54;8.75;;;6.18;;
35985;SDS011;22060;55.900;37.528;2019-12-09T23:54:35;11.50;;;7.10;;
35985;SDS011;22060;55.900;37.528;2019-12-09T23:57:14;8.90;;;6.35;;
35985;SDS011;22060;55.900;37.528;2019-12-09T23:59:49;10.10;;;6.45;;
