sensor_id;sensor_type;location;lat;lon;timestamp;pressure;altitude;pressure_sealevel;temperature;humidity
35694;BME280;21812;55.536;37.664;2019-12-05T13:42:40;98974.00;;;21.63;29.62
35694;BME280;21812;55.536;37.664;2019-12-05T13:45:06;98965.00;;;22.14;29.24
35694;BME280;21812;55.536;37.664;2019-12-05T13:47:37;98973.00;;;22.52;29.24
35694;BME280;21812;55.536;37.664;2019-12-05T13:50:08;98962.00;;;22.79;28.03
35694;BME280;21812;55.536;37.664;2019-12-05T13:52:38;98960.00;;;22.97;27.63
35694;BME280;21812;55.536;37.664;2019-12-08T11:54:06;98318.00;;;10.01;40.23
35694;BME280;21812;55.536;37.664;2019-12-08T11:56:37;98330.00;;;8.18;44.62
35694;BME280;21812;55.536;37.664;2019-12-08T11:59:06;98348.00;;;7.16;47.59
35694;BME280;21812;55.536;37.664;2019-12-08T12:01:36;98352.00;;;6.22;50.40
35694;BME280;21812;55.536;37.664;2019-12-08T12:04:05;98349.00;;;5.51;52.33
35694;BME280;21812;55.536;37.664;2019-12-08T12:06:38;98342.00;;;4.98;54.54
35694;BME280;21812;55.536;37.664;2019-12-08T12:09:11;98347.00;;;4.61;55.15
35694;BME280;21812;55.536;37.664;2019-12-08T12:11:42;98362.00;;;4.44;56.11
35694;BME280;21812;55.536;37.664;2019-12-08T12:14:14;98374.00;;;4.24;57.22
35694;BME280;21812;55.536;37.664;2019-12-08T12:16:50;98376.00;;;4.07;58.06
35694;BME280;21812;55.536;37.664;2019-12-08T12:19:22;98373.00;;;3.93;59.03
35694;BME280;21812;55.536;37.664;2019-12-08T12:21:51;98372.00;;;3.81;59.21
35694;BME280;21812;55.536;37.664;2019-12-08T12:24:23;98381.00;;;3.75;59.92
35694;BME280;21812;55.536;37.664;2019-12-08T12:26:54;98385.00;;;3.74;60.21
35694;BME280;21812;55.536;37.664;2019-12-08T12:29:26;98381.00;;;3.65;60.71
35694;BME280;21812;55.536;37.664;2019-12-08T12:31:55;98386.00;;;3.48;61.36
35694;BME280;21812;55.536;37.664;2019-12-08T12:34:24;98401.00;;;3.46;61.78
35694;BME280;21812;55.536;37.664;2019-12-08T12:36:54;98404.00;;;3.48;61.93
35694;BME280;21812;55.536;37.664;2019-12-08T12:39:23;98411.00;;;3.48;62.25
35694;BME280;21812;55.536;37.664;2019-12-08T12:41:53;98409.00;;;3.48;62.32
35694;BME280;21812;55.536;37.664;2019-12-08T12:44:22;98410.00;;;3.50;61.92
35694;BME280;21812;55.536;37.664;2019-12-08T12:46:53;98418.00;;;3.49;62.45
35694;BME280;21812;55.536;37.664;2019-12-08T12:49:35;98426.00;;;3.42;62.80
35694;BME280;21812;55.536;37.664;2019-12-08T12:52:12;98418.00;;;3.39;62.82
35694;BME280;21812;55.536;37.664;2019-12-08T12:54:43;98419.00;;;3.36;63.16
35694;BME280;21812;55.536;37.664;2019-12-08T12:57:50;98428.00;;;3.39;63.43
35694;BME280;21812;55.536;37.664;2019-12-08T13:00:28;98435.00;;;3.36;63.56
35694;BME280;21812;55.536;37.664;2019-12-08T13:03:01;98424.00;;;3.36;63.53
35694;BME280;21812;55.536;37.664;2019-12-08T13:05:32;98435.00;;;3.37;63.73
35694;BME280;21812;55.536;37.664;2019-12-08T13:08:01;98432.00;;;3.35;63.74
35694;BME280;21812;55.536;37.664;2019-12-08T13:10:30;98434.00;;;3.31;64.01
35694;BME280;21812;55.536;37.664;2019-12-08T13:12:59;98435.00;;;3.35;64.08
35694;BME280;21812;55.536;37.664;2019-12-08T13:15:31;98425.00;;;3.31;64.14
35694;BME280;21812;55.536;37.664;2019-12-08T13:18:01;98443.00;;;3.36;64.34
35694;BME280;21812;55.536;37.664;2019-12-08T13:20:32;98438.00;;;3.31;64.35
35694;BME280;21812;55.536;37.664;2019-12-08T13:23:08;98441.00;;;3.32;64.50
35694;BME280;21812;55.536;37.664;2019-12-08T13:25:39;98442.00;;;3.27;64.72
35694;BME280;21812;55.536;37.664;2019-12-08T13:28:15;98446.00;;;3.27;64.61
35694;BME280;21812;55.536;37.664;2019-12-08T13:30:50;98448.00;;;3.23;64.84
35694;BME280;21812;55.536;37.664;2019-12-08T13:33:22;98451.00;;;3.20;64.92
35694;BME280;21812;55.536;37.664;2019-12-08T13:35:55;98451.00;;;3.20;64.97
35694;BME280;21812;55.536;37.664;2019-12-08T13:40:26;98461.00;;;3.23;64.94
35694;BME280;21812;55.536;37.664;2019-12-08T13:42:56;98464.00;;;3.21;64.93
35694;BME280;21812;55.536;37.664;2019-12-08T13:45:25;98475.00;;;3.25;65.03
35694;BME280;21812;55.536;37.664;2019-12-08T13:47:54;98473.00;;;3.25;65.12
35694;BME280;21812;55.536;37.664;2019-12-08T13:50:25;98474.00;;;3.28;65.17
35694;BME280;21812;55.536;37.664;2019-12-08T13:52:56;98477.00;;;3.33;65.20
35694;BME280;21812;55.536;37.664;2019-12-08T13:55:29;98482.00;;;3.34;65.03
35694;BME280;21812;55.536;37.664;2019-12-08T13:57:59;98478.00;;;3.30;64.85
35694;BME280;21812;55.536;37.664;2019-12-08T14:00:31;98498.00;;;3.31;65.21
35694;BME280;21812;55.536;37.664;2019-12-08T14:03:04;98482.00;;;3.29;65.12
35694;BME280;21812;55.536;37.664;2019-12-08T14:05:33;98508.00;;;3.29;65.27
35694;BME280;21812;55.536;37.664;2019-12-08T14:08:02;98501.00;;;3.28;65.31
35694;BME280;21812;55.536;37.664;2019-12-08T14:10:31;98488.00;;;3.31;65.25
35694;BME280;21812;55.536;37.664;2019-12-08T14:13:03;98508.00;;;3.34;65.30
35694;BME280;21812;55.536;37.664;2019-12-08T14:15:37;98512.00;;;3.33;65.33
35694;BME280;21812;55.536;37.664;2019-12-08T14:18:06;98522.00;;;3.28;65.52
35694;BME280;21812;55.536;37.664;2019-12-08T14:20:35;98512.00;;;3.28;65.48
35694;BME280;21812;55.536;37.664;2019-12-08T14:23:05;98524.00;;;3.29;65.59
35694;BME280;21812;55.536;37.664;2019-12-08T14:25:37;98536.00;;;3.30;65.47
35694;BME280;21812;55.536;37.664;2019-12-08T14:28:11;98519.00;;;3.33;65.46
35694;BME280;21812;55.536;37.664;2019-12-08T14:30:41;98535.00;;;3.36;65.31
35694;BME280;21812;55.536;37.664;2019-12-08T14:33:10;98536.00;;;3.40;65.15
35694;BME280;21812;55.536;37.664;2019-12-08T14:35:41;98519.00;;;3.41;64.98
35694;BME280;21812;55.536;37.664;2019-12-08T14:38:16;98535.00;;;3.43;65.09
35694;BME280;21812;55.536;37.664;2019-12-08T14:40:45;98560.00;;;3.42;65.12
35694;BME280;21812;55.536;37.664;2019-12-08T14:43:14;98566.00;;;3.37;65.26
35694;BME280;21812;55.536;37.664;2019-12-08T14:45:45;98558.00;;;3.34;65.42
35694;BME280;21812;55.536;37.664;2019-12-08T14:48:16;98572.00;;;3.31;65.54
35694;BME280;21812;55.536;37.664;2019-12-08T14:50:46;98569.00;;;3.32;65.51
35694;BME280;21812;55.536;37.664;2019-12-08T14:53:16;98572.00;;;3.40;65.36
35694;BME280;21812;55.536;37.664;2019-12-08T14:55:48;98584.00;;;3.42;65.23
35694;BME280;21812;55.536;37.664;2019-12-08T14:58:20;98592.00;;;3.45;65.07
35694;BME280;21812;55.536;37.664;2019-12-08T15:00:53;98584.00;;;3.47;65.14
35694;BME280;21812;55.536;37.664;2019-12-08T15:03:22;98596.00;;;3.45;65.09
35694;BME280;21812;55.536;37.664;2019-12-08T15:05:55;98594.00;;;3.46;65.22
35694;BME280;21812;55.536;37.664;2019-12-08T15:08:24;98597.00;;;3.45;65.11
35694;BME280;21812;55.536;37.664;2019-12-08T15:11:04;98607.00;;;3.45;65.34
35694;BME280;21812;55.536;37.664;2019-12-08T15:13:35;98610.00;;;3.37;65.52
35694;BME280;21812;55.536;37.664;2019-12-08T15:16:04;98614.00;;;3.33;65.74
35694;BME280;21812;55.536;37.664;2019-12-08T15:18:35;98613.00;;;3.29;66.00
35694;BME280;21812;55.536;37.664;2019-12-08T15:21:10;98629.00;;;3.32;65.98
35694;BME280;21812;55.536;37.664;2019-12-08T15:23:39;98628.00;;;3.33;66.01
35694;BME280;21812;55.536;37.664;2019-12-08T15:26:16;98626.00;;;3.37;65.96
35694;BME280;21812;55.536;37.664;2019-12-08T15:28:47;98635.00;;;3.39;65.88
35694;BME280;21812;55.536;37.664;2019-12-08T15:31:21;98621.00;;;3.33;66.12
35694;BME280;21812;55.536;37.664;2019-12-08T15:33:54;98628.00;;;3.33;66.39
35694;BME280;21812;55.536;37.664;2019-12-08T15:36:24;98640.00;;;3.29;66.57
35694;BME280;21812;55.536;37.664;2019-12-08T15:38:54;98636.00;;;3.31;66.66
35694;BME280;21812;55.536;37.664;2019-12-08T15:41:28;98639.00;;;3.32;66.72
35694;BME280;21812;55.536;37.664;2019-12-08T15:43:59;98643.00;;;3.31;66.86
35694;BME280;21812;55.536;37.664;2019-12-08T15:46:29;98649.00;;;3.25;67.24
35694;BME280;21812;55.536;37.664;2019-12-08T15:48:59;98650.00;;;3.25;67.42
35694;BME280;21812;55.536;37.664;2019-12-08T15:51:28;98666.00;;;3.26;67.54
35694;BME280;21812;55.536;37.664;2019-12-08T15:54:18;98664.00;;;3.24;67.76
35694;BME280;21812;55.536;37.664;2019-12-08T15:56:54;98671.00;;;3.27;67.68
35694;BME280;21812;55.536;37.664;2019-12-08T15:59:27;98662.00;;;3.20;67.95
35694;BME280;21812;55.536;37.664;2019-12-08T16:02:02;98664.00;;;3.16;67.94
35694;BME280;21812;55.536;37.664;2019-12-08T16:04:34;98683.00;;;3.25;67.81
35694;BME280;21812;55.536;37.664;2019-12-08T16:07:04;98679.00;;;3.25;67.87
35694;BME280;21812;55.536;37.664;2019-12-08T16:09:37;98680.00;;;3.25;67.94
35694;BME280;21812;55.536;37.664;2019-12-08T16:12:09;98684.00;;;3.21;68.21
35694;BME280;21812;55.536;37.664;2019-12-08T16:14:42;98680.00;;;3.20;68.24
35694;BME280;21812;55.536;37.664;2019-12-08T16:17:12;98692.00;;;3.19;68.09
35694;BME280;21812;55.536;37.664;2019-12-08T16:19:44;98679.00;;;3.07;68.30
35694;BME280;21812;55.536;37.664;2019-12-08T16:22:16;98672.00;;;3.03;68.45
35694;BME280;21812;55.536;37.664;2019-12-08T16:24:46;98697.00;;;3.16;68.39
35694;BME280;21812;55.536;37.664;2019-12-08T16:27:20;98695.00;;;3.18;68.42
35694;BME280;21812;55.536;37.664;2019-12-08T16:29:56;98698.00;;;3.21;68.30
35694;BME280;21812;55.536;37.664;2019-12-08T16:32:25;98691.00;;;3.28;68.11
35694;BME280;21812;55.536;37.664;2019-12-08T16:34:55;98693.00;;;3.28;67.85
35694;BME280;21812;55.536;37.664;2019-12-08T16:37:25;98701.00;;;3.24;67.89
35694;BME280;21812;55.536;37.664;2019-12-08T16:39:54;98714.00;;;3.19;67.99
35694;BME280;21812;55.536;37.664;2019-12-08T16:42:23;98708.00;;;3.22;67.99
35694;BME280;21812;55.536;37.664;2019-12-08T16:44:53;98706.00;;;3.29;67.71
35694;BME280;21812;55.536;37.664;2019-12-08T16:47:22;98722.00;;;3.35;67.48
35694;BME280;21812;55.536;37.664;2019-12-08T16:49:51;98714.00;;;3.38;67.36
35694;BME280;21812;55.536;37.664;2019-12-08T16:52:20;98719.00;;;3.34;67.27
35694;BME280;21812;55.536;37.664;2019-12-08T16:54:50;98719.00;;;3.34;67.32
35694;BME280;21812;55.536;37.664;2019-12-08T16:57:19;98717.00;;;3.28;67.43
35694;BME280;21812;55.536;37.664;2019-12-08T16:59:49;98722.00;;;3.28;67.46
35694;BME280;21812;55.536;37.664;2019-12-08T17:02:18;98723.00;;;3.28;67.40
35694;BME280;21812;55.536;37.664;2019-12-08T17:04:58;98736.00;;;3.30;67.30
35694;BME280;21812;55.536;37.664;2019-12-08T17:07:30;98726.00;;;3.30;67.28
35694;BME280;21812;55.536;37.664;2019-12-08T17:10:04;98728.00;;;3.25;67.33
35694;BME280;21812;55.536;37.664;2019-12-08T17:12:34;98732.00;;;3.24;67.34
35694;BME280;21812;55.536;37.664;2019-12-08T17:15:04;98729.00;;;3.19;67.32
35694;BME280;21812;55.536;37.664;2019-12-08T17:17:34;98742.00;;;3.21;67.32
35694;BME280;21812;55.536;37.664;2019-12-08T17:20:04;98755.00;;;3.20;67.33
35694;BME280;21812;55.536;37.664;2019-12-08T17:22:36;98747.00;;;3.19;67.33
35694;BME280;21812;55.536;37.664;2019-12-08T17:25:09;98753.00;;;3.21;67.26
35694;BME280;21812;55.536;37.664;2019-12-08T17:27:38;98755.00;;;3.19;67.28
35694;BME280;21812;55.536;37.664;2019-12-08T17:30:07;98748.00;;;3.12;67.35
35694;BME280;21812;55.536;37.664;2019-12-08T17:32:36;98750.00;;;3.07;67.33
35694;BME280;21812;55.536;37.664;2019-12-08T17:35:05;98758.00;;;3.14;67.35
35694;BME280;21812;55.536;37.664;2019-12-08T17:37:34;98760.00;;;3.17;67.36
35694;BME280;21812;55.536;37.664;2019-12-08T17:40:04;98764.00;;;3.21;67.28
35694;BME280;21812;55.536;37.664;2019-12-08T17:42:33;98759.00;;;3.28;67.03
35694;BME280;21812;55.536;37.664;2019-12-08T17:45:02;98762.00;;;3.31;66.72
35694;BME280;21812;55.536;37.664;2019-12-08T17:47:31;98771.00;;;3.28;66.79
35694;BME280;21812;55.536;37.664;2019-12-08T17:50:01;98772.00;;;3.26;66.71
35694;BME280;21812;55.536;37.664;2019-12-08T17:52:30;98772.00;;;3.28;66.65
35694;BME280;21812;55.536;37.664;2019-12-08T17:54:59;98770.00;;;3.23;66.47
35694;BME280;21812;55.536;37.664;2019-12-08T17:57:35;98772.00;;;3.11;66.60
35694;BME280;21812;55.536;37.664;2019-12-08T18:00:10;98774.00;;;3.17;66.67
35694;BME280;21812;55.536;37.664;2019-12-08T18:02:39;98780.00;;;3.15;66.69
35694;BME280;21812;55.536;37.664;2019-12-08T18:05:20;98766.00;;;3.16;66.77
35694;BME280;21812;55.536;37.664;2019-12-08T18:07:53;98772.00;;;3.20;66.66
35694;BME280;21812;55.536;37.664;2019-12-08T18:10:22;98776.00;;;3.20;66.37
35694;BME280;21812;55.536;37.664;2019-12-08T18:12:52;98770.00;;;3.15;66.37
35694;BME280;21812;55.536;37.664;2019-12-08T18:15:21;98768.00;;;3.10;66.44
35694;BME280;21812;55.536;37.664;2019-12-08T18:20:32;98769.00;;;3.04;66.54
35694;BME280;21812;55.536;37.664;2019-12-08T18:23:18;98780.00;;;4.23;75.18
35694;BME280;21812;55.536;37.664;2019-12-08T18:29:21;98763.00;;;5.05;64.12
35694;BME280;21812;55.536;37.664;2019-12-08T18:31:53;98784.00;;;4.52;62.46
35694;BME280;21812;55.536;37.664;2019-12-08T18:34:27;98789.00;;;4.20;62.48
35694;BME280;21812;55.536;37.664;2019-12-08T18:36:57;98791.00;;;3.95;63.01
35694;BME280;21812;55.536;37.664;2019-12-08T18:39:28;98792.00;;;3.73;63.05
35694;BME280;21812;55.536;37.664;2019-12-08T18:41:57;98794.00;;;3.55;63.56
35694;BME280;21812;55.536;37.664;2019-12-08T18:44:26;98787.00;;;3.51;63.67
35694;BME280;21812;55.536;37.664;2019-12-08T18:46:55;98797.00;;;3.51;63.45
35694;BME280;21812;55.536;37.664;2019-12-08T18:49:23;98798.00;;;3.42;63.58
35694;BME280;21812;55.536;37.664;2019-12-08T18:51:53;98804.00;;;3.36;63.58
35694;BME280;21812;55.536;37.664;2019-12-08T18:54:22;98803.00;;;3.42;63.50
35694;BME280;21812;55.536;37.664;2019-12-08T18:56:52;98811.00;;;3.37;63.50
35694;BME280;21812;55.536;37.664;2019-12-08T18:59:25;98802.00;;;3.35;63.58
35694;BME280;21812;55.536;37.664;2019-12-08T19:01:58;98809.00;;;3.31;63.74
35694;BME280;21812;55.536;37.664;2019-12-08T19:04:27;98801.00;;;3.31;63.67
35694;BME280;21812;55.536;37.664;2019-12-08T19:06:56;98802.00;;;3.35;63.67
35694;BME280;21812;55.536;37.664;2019-12-08T19:09:27;98814.00;;;3.39;63.55
35694;BME280;21812;55.536;37.664;2019-12-08T19:11:56;98809.00;;;3.39;63.43
35694;BME280;21812;55.536;37.664;2019-12-08T19:14:25;98810.00;;;3.38;63.52
35694;BME280;21812;55.536;37.664;2019-12-08T19:16:57;98808.00;;;3.47;63.37
35694;BME280;21812;55.536;37.664;2019-12-08T19:19:29;98802.00;;;3.51;63.16
35694;BME280;21812;55.536;37.664;2019-12-08T19:22:02;98800.00;;;3.51;63.01
35694;BME280;21812;55.536;37.664;2019-12-08T19:24:32;98804.00;;;3.49;63.10
35694;BME280;21812;55.536;37.664;2019-12-08T19:27:03;98777.00;;;3.27;63.27
35694;BME280;21812;55.536;37.664;2019-12-08T19:29:33;98812.00;;;3.31;63.55
35694;BME280;21812;55.536;37.664;2019-12-08T19:32:06;98808.00;;;3.25;63.75
35694;BME280;21812;55.536;37.664;2019-12-08T19:34:39;98812.00;;;3.23;63.78
35694;BME280;21812;55.536;37.664;2019-12-08T19:37:08;98810.00;;;3.30;63.65
35694;BME280;21812;55.536;37.664;2019-12-08T19:39:42;98808.00;;;3.35;63.42
35694;BME280;21812;55.536;37.664;2019-12-08T19:42:18;98808.00;;;3.35;63.40
35694;BME280;21812;55.536;37.664;2019-12-08T19:44:47;98805.00;;;3.37;63.48
35694;BME280;21812;55.536;37.664;2019-12-08T19:47:18;98812.00;;;3.39;63.38
35694;BME280;21812;55.536;37.664;2019-12-08T19:49:46;98812.00;;;3.38;63.35
35694;BME280;21812;55.536;37.664;2019-12-08T19:52:17;98814.00;;;3.42;63.32
35694;BME280;21812;55.536;37.664;2019-12-08T19:54:47;98805.00;;;3.43;63.28
35694;BME280;21812;55.536;37.664;2019-12-08T19:57:24;98795.00;;;3.44;63.46
35694;BME280;21812;55.536;37.664;2019-12-08T19:59:57;98798.00;;;3.44;63.28
35694;BME280;21812;55.536;37.664;2019-12-08T20:09:14;98799.00;;;3.46;63.23
35694;BME280;21812;55.536;37.664;2019-12-08T20:12:18;98809.00;;;3.34;63.14
35694;BME280;21812;55.536;37.664;2019-12-08T20:14:52;98800.00;;;3.37;63.07
35694;BME280;21812;55.536;37.664;2019-12-08T20:17:25;98806.00;;;3.39;62.96
35694;BME280;21812;55.536;37.664;2019-12-08T20:19:57;98794.00;;;3.36;63.05
35694;BME280;21812;55.536;37.664;2019-12-08T20:22:26;98789.00;;;3.27;63.05
35694;BME280;21812;55.536;37.664;2019-12-08T20:24:56;98791.00;;;3.11;63.30
35694;BME280;21812;55.536;37.664;2019-12-08T20:27:26;98799.00;;;3.13;63.45
35694;BME280;21812;55.536;37.664;2019-12-08T20:29:55;98798.00;;;3.22;63.30
35694;BME280;21812;55.536;37.664;2019-12-08T20:32:24;98808.00;;;3.29;63.04
35694;BME280;21812;55.536;37.664;2019-12-08T20:34:53;98807.00;;;3.38;62.84
35694;BME280;21812;55.536;37.664;2019-12-08T20:37:23;98805.00;;;3.40;62.55
35694;BME280;21812;55.536;37.664;2019-12-08T20:39:58;98809.00;;;3.36;62.53
35694;BME280;21812;55.536;37.664;2019-12-08T20:42:33;98811.00;;;3.26;62.20
35694;BME280;21812;55.536;37.664;2019-12-08T20:45:04;98818.00;;;3.28;61.82
35694;BME280;21812;55.536;37.664;2019-12-08T20:47:33;98806.00;;;3.31;61.05
35694;BME280;21812;55.536;37.664;2019-12-08T20:50:03;98818.00;;;3.27;61.08
35694;BME280;21812;55.536;37.664;2019-12-08T20:52:31;98810.00;;;3.27;61.02
35694;BME280;21812;55.536;37.664;2019-12-08T20:55:01;98811.00;;;3.30;60.95
35694;BME280;21812;55.536;37.664;2019-12-08T20:57:32;98796.00;;;3.31;60.59
35694;BME280;21812;55.536;37.664;2019-12-08T21:00:04;98799.00;;;3.31;60.61
35694;BME280;21812;55.536;37.664;2019-12-08T21:02:36;98815.00;;;3.30;60.54
35694;BME280;21812;55.536;37.664;2019-12-08T21:05:23;98807.00;;;3.25;60.49
35694;BME280;21812;55.536;37.664;2019-12-08T21:08:10;98804.00;;;3.24;60.09
35694;BME280;21812;55.536;37.664;2019-12-08T21:10:56;98808.00;;;3.28;59.85
35694;BME280;21812;55.536;37.664;2019-12-08T21:13:40;98797.00;;;3.30;59.27
35694;BME280;21812;55.536;37.664;2019-12-08T21:16:21;98805.00;;;3.30;59.07
35694;BME280;21812;55.536;37.664;2019-12-08T21:18:50;98801.00;;;3.23;59.19
35694;BME280;21812;55.536;37.664;2019-12-08T21:21:20;98813.00;;;3.22;59.40
35694;BME280;21812;55.536;37.664;2019-12-08T21:23:54;98811.00;;;3.24;59.22
35694;BME280;21812;55.536;37.664;2019-12-08T21:26:28;98815.00;;;3.28;58.98
35694;BME280;21812;55.536;37.664;2019-12-08T21:28:58;98800.00;;;3.37;59.04
35694;BME280;21812;55.536;37.664;2019-12-08T21:31:28;98801.00;;;3.23;58.99
35694;BME280;21812;55.536;37.664;2019-12-08T21:33:58;98799.00;;;3.15;58.76
35694;BME280;21812;55.536;37.664;2019-12-08T21:36:26;98800.00;;;3.20;58.82
35694;BME280;21812;55.536;37.664;2019-12-08T21:38:56;98796.00;;;3.16;58.87
35694;BME280;21812;55.536;37.664;2019-12-08T21:41:27;98791.00;;;3.11;58.82
35694;BME280;21812;55.536;37.664;2019-12-08T21:43:59;98791.00;;;3.17;58.91
35694;BME280;21812;55.536;37.664;2019-12-08T21:46:30;98799.00;;;3.22;58.76
35694;BME280;21812;55.536;37.664;2019-12-08T21:49:02;98809.00;;;3.26;58.63
35694;BME280;21812;55.536;37.664;2019-12-08T21:51:31;98792.00;;;3.32;58.30
35694;BME280;21812;55.536;37.664;2019-12-08T21:54:00;98768.00;;;3.19;58.13
35694;BME280;21812;55.536;37.664;2019-12-08T21:56:35;98782.00;;;3.32;57.84
35694;BME280;21812;55.536;37.664;2019-12-08T21:59:05;98796.00;;;3.46;57.68
35694;BME280;21812;55.536;37.664;2019-12-08T22:01:36;98803.00;;;3.40;57.67
35694;BME280;21812;55.536;37.664;2019-12-08T22:04:07;98796.00;;;3.39;57.79
35694;BME280;21812;55.536;37.664;2019-12-08T22:06:38;98795.00;;;3.43;57.83
35694;BME280;21812;55.536;37.664;2019-12-08T22:11:44;98795.00;;;3.47;57.70
35694;BME280;21812;55.536;37.664;2019-12-08T22:14:19;98798.00;;;3.42;57.86
35694;BME280;21812;55.536;37.664;2019-12-08T22:16:48;98793.00;;;3.34;57.74
35694;BME280;21812;55.536;37.664;2019-12-08T22:19:16;98791.00;;;3.28;58.08
35694;BME280;21812;55.536;37.664;2019-12-08T22:21:50;98781.00;;;3.15;57.97
35694;BME280;21812;55.536;37.664;2019-12-08T22:24:22;98789.00;;;3.28;58.22
35694;BME280;21812;55.536;37.664;2019-12-08T22:26:52;98796.00;;;3.31;57.98
35694;BME280;21812;55.536;37.664;2019-12-08T22:29:24;98798.00;;;3.29;58.18
35694;BME280;21812;55.536;37.664;2019-12-08T22:31:55;98797.00;;;3.33;58.27
35694;BME280;21812;55.536;37.664;2019-12-08T22:34:26;98805.00;;;3.43;57.94
35694;BME280;21812;55.536;37.664;2019-12-08T22:36:58;98797.00;;;3.38;57.98
35694;BME280;21812;55.536;37.664;2019-12-08T22:39:36;98799.00;;;3.30;58.08
35694;BME280;21812;55.536;37.664;2019-12-08T22:42:08;98797.00;;;3.41;57.91
35694;BME280;21812;55.536;37.664;2019-12-08T22:44:38;98800.00;;;3.37;57.98
35694;BME280;21812;55.536;37.664;2019-12-08T22:47:15;98799.00;;;3.36;58.09
35694;BME280;21812;55.536;37.664;2019-12-08T22:49:48;98793.00;;;3.36;58.09
35694;BME280;21812;55.536;37.664;2019-12-08T22:52:21;98791.00;;;3.33;57.97
35694;BME280;21812;55.536;37.664;2019-12-08T22:54:55;98780.00;;;3.34;57.92
35694;BME280;21812;55.536;37.664;2019-12-08T22:57:30;98774.00;;;3.29;57.94
35694;BME280;21812;55.536;37.664;2019-12-08T23:00:07;98770.00;;;3.25;58.01
35694;BME280;21812;55.536;37.664;2019-12-08T23:02:45;98763.00;;;3.22;58.20
35694;BME280;21812;55.536;37.664;2019-12-08T23:05:18;98768.00;;;3.13;58.40
35694;BME280;21812;55.536;37.664;2019-12-08T23:07:52;98761.00;;;3.04;58.66
35694;BME280;21812;55.536;37.664;2019-12-08T23:10:24;98758.00;;;2.99;58.82
35694;BME280;21812;55.536;37.664;2019-12-08T23:12:54;98753.00;;;3.04;58.77
35694;BME280;21812;55.536;37.664;2019-12-08T23:15:24;98751.00;;;2.97;58.82
35694;BME280;21812;55.536;37.664;2019-12-08T23:18:03;98759.00;;;2.98;58.94
35694;BME280;21812;55.536;37.664;2019-12-08T23:20:44;98760.00;;;3.01;58.74
35694;BME280;21812;55.536;37.664;2019-12-08T23:23:24;98755.00;;;3.02;58.83
35694;BME280;21812;55.536;37.664;2019-12-08T23:26:04;98768.00;;;3.01;58.78
35694;BME280;21812;55.536;37.664;2019-12-08T23:28:40;98772.00;;;2.94;58.99
35694;BME280;21812;55.536;37.664;2019-12-08T23:31:19;98778.00;;;2.97;58.91
35694;BME280;21812;55.536;37.664;2019-12-08T23:33:53;98781.00;;;3.02;58.88
35694;BME280;21812;55.536;37.664;2019-12-08T23:36:25;98793.00;;;3.06;58.81
35694;BME280;21812;55.536;37.664;2019-12-08T23:38:57;98788.00;;;3.03;58.80
35694;BME280;21812;55.536;37.664;2019-12-08T23:41:31;98780.00;;;3.05;58.85
35694;BME280;21812;55.536;37.664;2019-12-08T23:44:05;98775.00;;;3.11;58.74
35694;BME280;21812;55.536;37.664;2019-12-08T23:47:56;98782.00;;;3.09;58.78
35694;BME280;21812;55.536;37.664;2019-12-08T23:50:38;98775.00;;;3.00;59.14
35694;BME280;21812;55.536;37.664;2019-12-08T23:59:56;98775.00;;;2.95;59.29
