sensor_id;sensor_type;location;lat;lon;timestamp;P1;durP1;ratioP1;P2;durP2;ratioP2
35693;SDS011;21812;55.536;37.664;2019-12-05T13:42:39;4.22;;;2.22;;
35693;SDS011;21812;55.536;37.664;2019-12-05T13:45:06;3.67;;;2.30;;
35693;SDS011;21812;55.536;37.664;2019-12-05T13:47:37;4.35;;;1.95;;
35693;SDS011;21812;55.536;37.664;2019-12-05T13:50:07;3.92;;;2.03;;
35693;SDS011;21812;55.536;37.664;2019-12-05T13:52:37;5.22;;;2.42;;
35693;SDS011;21812;55.536;37.664;2019-12-08T11:54:06;22.17;;;11.65;;
35693;SDS011;21812;55.536;37.664;2019-12-08T11:56:37;18.12;;;9.80;;
35693;SDS011;21812;55.536;37.664;2019-12-08T11:59:06;20.85;;;10.43;;
35693;SDS011;21812;55.536;37.664;2019-12-08T12:01:36;16.58;;;9.95;;
35693;SDS011;21812;55.536;37.664;2019-12-08T12:04:05;19.80;;;12.13;;
35693;SDS011;21812;55.536;37.664;2019-12-08T12:06:38;18.60;;;10.57;;
35693;SDS011;21812;55.536;37.664;2019-12-08T12:09:10;20.67;;;10.27;;
35693;SDS011;21812;55.536;37.664;2019-12-08T12:11:41;20.67;;;11.00;;
35693;SDS011;21812;55.536;37.664;2019-12-08T12:14:14;20.10;;;10.23;;
35693;SDS011;21812;55.536;37.664;2019-12-08T12:16:50;19.57;;;10.30;;
35693;SDS011;21812;55.536;37.664;2019-12-08T12:19:22;18.13;;;10.97;;
35693;SDS011;21812;55.536;37.664;2019-12-08T12:21:51;15.53;;;9.17;;
35693;SDS011;21812;55.536;37.664;2019-12-08T12:24:23;19.67;;;9.40;;
35693;SDS011;21812;55.536;37.664;2019-12-08T12:26:54;19.03;;;10.53;;
35693;SDS011;21812;55.536;37.664;2019-12-08T12:29:26;20.73;;;9.43;;
35693;SDS011;21812;55.536;37.664;2019-12-08T12:31:55;18.00;;;9.10;;
35693;SDS011;21812;55.536;37.664;2019-12-08T12:34:24;22.73;;;11.17;;
35693;SDS011;21812;55.536;37.664;2019-12-08T12:36:54;16.80;;;10.20;;
35693;SDS011;21812;55.536;37.664;2019-12-08T12:39:23;18.67;;;10.93;;
35693;SDS011;21812;55.536;37.664;2019-12-08T12:41:53;18.87;;;9.20;;
35693;SDS011;21812;55.536;37.664;2019-12-08T12:44:22;18.43;;;10.30;;
35693;SDS011;21812;55.536;37.664;2019-12-08T12:46:53;19.97;;;10.23;;
35693;SDS011;21812;55.536;37.664;2019-12-08T12:49:35;15.93;;;10.63;;
35693;SDS011;21812;55.536;37.664;2019-12-08T12:52:11;15.73;;;9.43;;
35693;SDS011;21812;55.536;37.664;2019-12-08T12:54:42;17.60;;;9.87;;
35693;SDS011;21812;55.536;37.664;2019-12-08T12:57:50;19.33;;;9.43;;
35693;SDS011;21812;55.536;37.664;2019-12-08T13:00:28;17.10;;;8.63;;
35693;SDS011;21812;55.536;37.664;2019-12-08T13:03:01;17.23;;;10.07;;
35693;SDS011;21812;55.536;37.664;2019-12-08T13:05:32;15.23;;;9.10;;
35693;SDS011;21812;55.536;37.664;2019-12-08T13:08:01;15.07;;;7.80;;
35693;SDS011;21812;55.536;37.664;2019-12-08T13:10:30;13.60;;;8.90;;
35693;SDS011;21812;55.536;37.664;2019-12-08T13:12:59;18.57;;;9.00;;
35693;SDS011;21812;55.536;37.664;2019-12-08T13:15:31;14.83;;;8.23;;
35693;SDS011;21812;55.536;37.664;2019-12-08T13:18:01;15.00;;;8.20;;
35693;SDS011;21812;55.536;37.664;2019-12-08T13:20:32;12.93;;;8.53;;
35693;SDS011;21812;55.536;37.664;2019-12-08T13:23:08;16.67;;;8.73;;
35693;SDS011;21812;55.536;37.664;2019-12-08T13:25:38;13.40;;;8.37;;
35693;SDS011;21812;55.536;37.664;2019-12-08T13:28:15;15.63;;;8.03;;
35693;SDS011;21812;55.536;37.664;2019-12-08T13:30:49;16.33;;;8.50;;
35693;SDS011;21812;55.536;37.664;2019-12-08T13:33:22;15.47;;;8.33;;
35693;SDS011;21812;55.536;37.664;2019-12-08T13:35:55;19.12;;;8.43;;
35693;SDS011;21812;55.536;37.664;2019-12-08T13:40:26;14.47;;;7.53;;
35693;SDS011;21812;55.536;37.664;2019-12-08T13:42:55;14.27;;;8.20;;
35693;SDS011;21812;55.536;37.664;2019-12-08T13:45:25;14.57;;;8.30;;
35693;SDS011;21812;55.536;37.664;2019-12-08T13:47:54;15.77;;;8.43;;
35693;SDS011;21812;55.536;37.664;2019-12-08T13:50:24;17.97;;;7.63;;
35693;SDS011;21812;55.536;37.664;2019-12-08T13:52:55;11.47;;;7.43;;
35693;SDS011;21812;55.536;37.664;2019-12-08T13:55:29;16.58;;;8.05;;
35693;SDS011;21812;55.536;37.664;2019-12-08T13:57:59;13.57;;;6.80;;
35693;SDS011;21812;55.536;37.664;2019-12-08T14:00:31;15.27;;;7.23;;
35693;SDS011;21812;55.536;37.664;2019-12-08T14:03:04;15.82;;;7.22;;
35693;SDS011;21812;55.536;37.664;2019-12-08T14:05:33;13.67;;;7.13;;
35693;SDS011;21812;55.536;37.664;2019-12-08T14:08:02;14.50;;;6.47;;
35693;SDS011;21812;55.536;37.664;2019-12-08T14:10:31;11.07;;;5.80;;
35693;SDS011;21812;55.536;37.664;2019-12-08T14:13:02;10.43;;;6.00;;
35693;SDS011;21812;55.536;37.664;2019-12-08T14:15:37;10.67;;;5.53;;
35693;SDS011;21812;55.536;37.664;2019-12-08T14:18:06;9.63;;;5.43;;
35693;SDS011;21812;55.536;37.664;2019-12-08T14:20:35;13.80;;;6.63;;
35693;SDS011;21812;55.536;37.664;2019-12-08T14:23:04;9.30;;;6.37;;
35693;SDS011;21812;55.536;37.664;2019-12-08T14:25:37;9.73;;;5.33;;
35693;SDS011;21812;55.536;37.664;2019-12-08T14:28:11;11.20;;;5.87;;
35693;SDS011;21812;55.536;37.664;2019-12-08T14:30:41;13.10;;;6.63;;
35693;SDS011;21812;55.536;37.664;2019-12-08T14:33:10;10.73;;;6.27;;
35693;SDS011;21812;55.536;37.664;2019-12-08T14:35:40;9.40;;;4.93;;
35693;SDS011;21812;55.536;37.664;2019-12-08T14:38:16;10.80;;;4.90;;
35693;SDS011;21812;55.536;37.664;2019-12-08T14:40:45;11.07;;;5.60;;
35693;SDS011;21812;55.536;37.664;2019-12-08T14:43:14;9.67;;;4.87;;
35693;SDS011;21812;55.536;37.664;2019-12-08T14:45:44;11.53;;;5.07;;
35693;SDS011;21812;55.536;37.664;2019-12-08T14:48:16;10.17;;;5.07;;
35693;SDS011;21812;55.536;37.664;2019-12-08T14:50:46;9.23;;;5.73;;
35693;SDS011;21812;55.536;37.664;2019-12-08T14:53:16;12.83;;;6.00;;
35693;SDS011;21812;55.536;37.664;2019-12-08T14:55:47;8.67;;;4.70;;
35693;SDS011;21812;55.536;37.664;2019-12-08T14:58:20;8.13;;;4.77;;
35693;SDS011;21812;55.536;37.664;2019-12-08T15:00:53;7.87;;;4.80;;
35693;SDS011;21812;55.536;37.664;2019-12-08T15:03:22;11.53;;;5.43;;
35693;SDS011;21812;55.536;37.664;2019-12-08T15:05:55;8.87;;;3.73;;
35693;SDS011;21812;55.536;37.664;2019-12-08T15:08:24;7.33;;;3.70;;
35693;SDS011;21812;55.536;37.664;2019-12-08T15:11:04;7.07;;;4.20;;
35693;SDS011;21812;55.536;37.664;2019-12-08T15:13:34;9.50;;;4.13;;
35693;SDS011;21812;55.536;37.664;2019-12-08T15:16:04;8.20;;;4.60;;
35693;SDS011;21812;55.536;37.664;2019-12-08T15:18:34;7.50;;;4.10;;
35693;SDS011;21812;55.536;37.664;2019-12-08T15:21:10;7.80;;;3.20;;
35693;SDS011;21812;55.536;37.664;2019-12-08T15:23:39;5.07;;;3.47;;
35693;SDS011;21812;55.536;37.664;2019-12-08T15:26:15;6.90;;;3.53;;
35693;SDS011;21812;55.536;37.664;2019-12-08T15:28:47;8.63;;;3.80;;
35693;SDS011;21812;55.536;37.664;2019-12-08T15:31:21;10.02;;;4.10;;
35693;SDS011;21812;55.536;37.664;2019-12-08T15:33:54;8.40;;;3.90;;
35693;SDS011;21812;55.536;37.664;2019-12-08T15:36:24;9.13;;;4.63;;
35693;SDS011;21812;55.536;37.664;2019-12-08T15:38:54;9.77;;;4.13;;
35693;SDS011;21812;55.536;37.664;2019-12-08T15:41:27;10.30;;;4.12;;
35693;SDS011;21812;55.536;37.664;2019-12-08T15:43:59;8.27;;;4.07;;
35693;SDS011;21812;55.536;37.664;2019-12-08T15:46:28;6.17;;;3.77;;
35693;SDS011;21812;55.536;37.664;2019-12-08T15:48:59;5.83;;;3.87;;
35693;SDS011;21812;55.536;37.664;2019-12-08T15:51:27;8.57;;;3.43;;
35693;SDS011;21812;55.536;37.664;2019-12-08T15:54:18;6.60;;;3.83;;
35693;SDS011;21812;55.536;37.664;2019-12-08T15:56:54;6.67;;;3.10;;
35693;SDS011;21812;55.536;37.664;2019-12-08T15:59:26;5.63;;;3.63;;
35693;SDS011;21812;55.536;37.664;2019-12-08T16:02:01;6.60;;;3.27;;
35693;SDS011;21812;55.536;37.664;2019-12-08T16:04:34;6.67;;;4.17;;
35693;SDS011;21812;55.536;37.664;2019-12-08T16:07:04;6.20;;;3.60;;
35693;SDS011;21812;55.536;37.664;2019-12-08T16:09:37;6.17;;;3.17;;
35693;SDS011;21812;55.536;37.664;2019-12-08T16:12:09;7.70;;;3.30;;
35693;SDS011;21812;55.536;37.664;2019-12-08T16:14:42;6.18;;;3.50;;
35693;SDS011;21812;55.536;37.664;2019-12-08T16:17:12;5.17;;;3.73;;
35693;SDS011;21812;55.536;37.664;2019-12-08T16:19:44;7.00;;;3.70;;
35693;SDS011;21812;55.536;37.664;2019-12-08T16:22:16;7.53;;;3.27;;
35693;SDS011;21812;55.536;37.664;2019-12-08T16:24:46;7.40;;;3.87;;
35693;SDS011;21812;55.536;37.664;2019-12-08T16:27:20;7.65;;;2.92;;
35693;SDS011;21812;55.536;37.664;2019-12-08T16:29:55;5.13;;;2.80;;
35693;SDS011;21812;55.536;37.664;2019-12-08T16:32:24;5.70;;;2.77;;
35693;SDS011;21812;55.536;37.664;2019-12-08T16:34:55;6.47;;;2.97;;
35693;SDS011;21812;55.536;37.664;2019-12-08T16:37:24;5.90;;;2.60;;
35693;SDS011;21812;55.536;37.664;2019-12-08T16:39:54;5.63;;;2.50;;
35693;SDS011;21812;55.536;37.664;2019-12-08T16:42:23;4.97;;;2.43;;
35693;SDS011;21812;55.536;37.664;2019-12-08T16:44:52;4.07;;;2.23;;
35693;SDS011;21812;55.536;37.664;2019-12-08T16:47:21;4.80;;;2.73;;
35693;SDS011;21812;55.536;37.664;2019-12-08T16:49:51;6.20;;;2.53;;
35693;SDS011;21812;55.536;37.664;2019-12-08T16:52:20;4.60;;;3.13;;
35693;SDS011;21812;55.536;37.664;2019-12-08T16:54:49;5.23;;;2.80;;
35693;SDS011;21812;55.536;37.664;2019-12-08T16:57:19;7.43;;;4.00;;
35693;SDS011;21812;55.536;37.664;2019-12-08T16:59:48;5.47;;;2.73;;
35693;SDS011;21812;55.536;37.664;2019-12-08T17:02:18;4.33;;;2.80;;
35693;SDS011;21812;55.536;37.664;2019-12-08T17:04:58;4.10;;;2.40;;
35693;SDS011;21812;55.536;37.664;2019-12-08T17:07:30;4.60;;;2.43;;
35693;SDS011;21812;55.536;37.664;2019-12-08T17:10:04;6.60;;;2.78;;
35693;SDS011;21812;55.536;37.664;2019-12-08T17:12:33;7.90;;;3.23;;
35693;SDS011;21812;55.536;37.664;2019-12-08T17:15:04;3.67;;;2.17;;
35693;SDS011;21812;55.536;37.664;2019-12-08T17:17:34;6.87;;;3.23;;
35693;SDS011;21812;55.536;37.664;2019-12-08T17:20:04;6.93;;;2.80;;
35693;SDS011;21812;55.536;37.664;2019-12-08T17:22:36;4.73;;;2.47;;
35693;SDS011;21812;55.536;37.664;2019-12-08T17:25:09;5.80;;;2.50;;
35693;SDS011;21812;55.536;37.664;2019-12-08T17:27:38;5.67;;;2.87;;
35693;SDS011;21812;55.536;37.664;2019-12-08T17:30:07;5.13;;;2.73;;
35693;SDS011;21812;55.536;37.664;2019-12-08T17:32:36;4.60;;;2.80;;
35693;SDS011;21812;55.536;37.664;2019-12-08T17:35:05;3.97;;;2.27;;
35693;SDS011;21812;55.536;37.664;2019-12-08T17:37:34;5.60;;;2.97;;
35693;SDS011;21812;55.536;37.664;2019-12-08T17:40:03;4.00;;;2.17;;
35693;SDS011;21812;55.536;37.664;2019-12-08T17:42:32;4.57;;;2.70;;
35693;SDS011;21812;55.536;37.664;2019-12-08T17:45:01;5.13;;;2.83;;
35693;SDS011;21812;55.536;37.664;2019-12-08T17:47:31;5.30;;;2.93;;
35693;SDS011;21812;55.536;37.664;2019-12-08T17:50:01;6.07;;;2.80;;
35693;SDS011;21812;55.536;37.664;2019-12-08T17:52:30;3.97;;;2.17;;
35693;SDS011;21812;55.536;37.664;2019-12-08T17:54:59;5.03;;;2.07;;
35693;SDS011;21812;55.536;37.664;2019-12-08T17:57:35;3.50;;;1.90;;
35693;SDS011;21812;55.536;37.664;2019-12-08T18:00:09;4.80;;;1.87;;
35693;SDS011;21812;55.536;37.664;2019-12-08T18:02:38;3.13;;;1.70;;
35693;SDS011;21812;55.536;37.664;2019-12-08T18:05:20;3.43;;;2.10;;
35693;SDS011;21812;55.536;37.664;2019-12-08T18:07:53;5.25;;;1.83;;
35693;SDS011;21812;55.536;37.664;2019-12-08T18:10:22;4.70;;;1.93;;
35693;SDS011;21812;55.536;37.664;2019-12-08T18:12:51;4.87;;;2.27;;
35693;SDS011;21812;55.536;37.664;2019-12-08T18:15:21;2.43;;;1.70;;
35693;SDS011;21812;55.536;37.664;2019-12-08T18:20:31;6.40;;;3.43;;
35693;SDS011;21812;55.536;37.664;2019-12-08T18:23:18;6.87;;;2.47;;
35693;SDS011;21812;55.536;37.664;2019-12-08T18:29:21;6.03;;;2.13;;
35693;SDS011;21812;55.536;37.664;2019-12-08T18:31:53;2.00;;;1.50;;
35693;SDS011;21812;55.536;37.664;2019-12-08T18:34:26;5.80;;;2.33;;
35693;SDS011;21812;55.536;37.664;2019-12-08T18:36:57;6.40;;;2.50;;
35693;SDS011;21812;55.536;37.664;2019-12-08T18:39:28;3.47;;;2.00;;
35693;SDS011;21812;55.536;37.664;2019-12-08T18:41:56;9.40;;;3.67;;
35693;SDS011;21812;55.536;37.664;2019-12-08T18:44:26;6.47;;;2.53;;
35693;SDS011;21812;55.536;37.664;2019-12-08T18:46:54;3.93;;;1.90;;
35693;SDS011;21812;55.536;37.664;2019-12-08T18:49:23;4.07;;;1.73;;
35693;SDS011;21812;55.536;37.664;2019-12-08T18:51:53;4.97;;;1.50;;
35693;SDS011;21812;55.536;37.664;2019-12-08T18:54:22;2.57;;;1.10;;
35693;SDS011;21812;55.536;37.664;2019-12-08T18:56:52;6.60;;;3.27;;
35693;SDS011;21812;55.536;37.664;2019-12-08T18:59:25;4.80;;;2.45;;
35693;SDS011;21812;55.536;37.664;2019-12-08T19:01:58;2.28;;;1.50;;
35693;SDS011;21812;55.536;37.664;2019-12-08T19:04:27;3.00;;;1.30;;
35693;SDS011;21812;55.536;37.664;2019-12-08T19:06:56;5.30;;;1.53;;
35693;SDS011;21812;55.536;37.664;2019-12-08T19:09:26;4.53;;;1.40;;
35693;SDS011;21812;55.536;37.664;2019-12-08T19:11:56;4.77;;;1.37;;
35693;SDS011;21812;55.536;37.664;2019-12-08T19:14:25;3.20;;;1.00;;
35693;SDS011;21812;55.536;37.664;2019-12-08T19:16:57;4.57;;;1.77;;
35693;SDS011;21812;55.536;37.664;2019-12-08T19:19:29;2.53;;;1.07;;
35693;SDS011;21812;55.536;37.664;2019-12-08T19:22:02;2.67;;;1.23;;
35693;SDS011;21812;55.536;37.664;2019-12-08T19:24:32;2.43;;;1.50;;
35693;SDS011;21812;55.536;37.664;2019-12-08T19:27:03;2.20;;;1.30;;
35693;SDS011;21812;55.536;37.664;2019-12-08T19:29:32;3.10;;;1.23;;
35693;SDS011;21812;55.536;37.664;2019-12-08T19:32:05;4.22;;;1.52;;
35693;SDS011;21812;55.536;37.664;2019-12-08T19:34:39;2.85;;;1.42;;
35693;SDS011;21812;55.536;37.664;2019-12-08T19:37:08;2.70;;;1.33;;
35693;SDS011;21812;55.536;37.664;2019-12-08T19:39:42;3.47;;;2.03;;
35693;SDS011;21812;55.536;37.664;2019-12-08T19:42:18;3.43;;;1.43;;
35693;SDS011;21812;55.536;37.664;2019-12-08T19:44:47;1.57;;;1.20;;
35693;SDS011;21812;55.536;37.664;2019-12-08T19:47:17;8.80;;;2.67;;
35693;SDS011;21812;55.536;37.664;2019-12-08T19:49:46;3.23;;;1.43;;
35693;SDS011;21812;55.536;37.664;2019-12-08T19:52:17;2.20;;;1.30;;
35693;SDS011;21812;55.536;37.664;2019-12-08T19:54:47;1.53;;;1.20;;
35693;SDS011;21812;55.536;37.664;2019-12-08T19:57:24;8.70;;;1.93;;
35693;SDS011;21812;55.536;37.664;2019-12-08T19:59:57;2.42;;;1.50;;
35693;SDS011;21812;55.536;37.664;2019-12-08T20:09:14;2.07;;;1.10;;
35693;SDS011;21812;55.536;37.664;2019-12-08T20:12:18;3.70;;;1.40;;
35693;SDS011;21812;55.536;37.664;2019-12-08T20:14:52;2.20;;;1.03;;
35693;SDS011;21812;55.536;37.664;2019-12-08T20:17:25;3.63;;;1.20;;
35693;SDS011;21812;55.536;37.664;2019-12-08T20:19:57;3.83;;;1.70;;
35693;SDS011;21812;55.536;37.664;2019-12-08T20:22:26;2.07;;;1.40;;
35693;SDS011;21812;55.536;37.664;2019-12-08T20:24:56;3.90;;;1.37;;
35693;SDS011;21812;55.536;37.664;2019-12-08T20:27:26;4.43;;;1.37;;
35693;SDS011;21812;55.536;37.664;2019-12-08T20:29:55;2.40;;;1.50;;
35693;SDS011;21812;55.536;37.664;2019-12-08T20:32:24;4.27;;;1.90;;
35693;SDS011;21812;55.536;37.664;2019-12-08T20:34:53;3.20;;;1.57;;
35693;SDS011;21812;55.536;37.664;2019-12-08T20:37:22;4.90;;;1.80;;
35693;SDS011;21812;55.536;37.664;2019-12-08T20:39:57;4.80;;;1.43;;
35693;SDS011;21812;55.536;37.664;2019-12-08T20:42:33;3.40;;;1.50;;
35693;SDS011;21812;55.536;37.664;2019-12-08T20:45:03;2.07;;;1.30;;
35693;SDS011;21812;55.536;37.664;2019-12-08T20:47:32;2.73;;;1.40;;
35693;SDS011;21812;55.536;37.664;2019-12-08T20:50:02;3.50;;;1.30;;
35693;SDS011;21812;55.536;37.664;2019-12-08T20:52:31;4.40;;;1.10;;
35693;SDS011;21812;55.536;37.664;2019-12-08T20:55:00;3.83;;;1.50;;
35693;SDS011;21812;55.536;37.664;2019-12-08T20:57:32;4.27;;;1.60;;
35693;SDS011;21812;55.536;37.664;2019-12-08T21:00:04;3.23;;;1.60;;
35693;SDS011;21812;55.536;37.664;2019-12-08T21:02:36;2.30;;;1.20;;
35693;SDS011;21812;55.536;37.664;2019-12-08T21:05:23;2.20;;;0.90;;
35693;SDS011;21812;55.536;37.664;2019-12-08T21:08:09;1.40;;;0.90;;
35693;SDS011;21812;55.536;37.664;2019-12-08T21:10:56;2.20;;;0.90;;
35693;SDS011;21812;55.536;37.664;2019-12-08T21:13:39;1.30;;;0.60;;
35693;SDS011;21812;55.536;37.664;2019-12-08T21:16:20;1.57;;;0.90;;
35693;SDS011;21812;55.536;37.664;2019-12-08T21:18:49;2.90;;;1.10;;
35693;SDS011;21812;55.536;37.664;2019-12-08T21:21:20;4.10;;;2.20;;
35693;SDS011;21812;55.536;37.664;2019-12-08T21:23:53;2.37;;;1.37;;
35693;SDS011;21812;55.536;37.664;2019-12-08T21:28:57;1.33;;;0.80;;
35693;SDS011;21812;55.536;37.664;2019-12-08T21:31:28;3.50;;;0.70;;
35693;SDS011;21812;55.536;37.664;2019-12-08T21:33:57;3.27;;;1.00;;
35693;SDS011;21812;55.536;37.664;2019-12-08T21:36:26;5.37;;;0.90;;
35693;SDS011;21812;55.536;37.664;2019-12-08T21:38:55;0.80;;;0.60;;
35693;SDS011;21812;55.536;37.664;2019-12-08T21:41:27;3.87;;;1.50;;
35693;SDS011;21812;55.536;37.664;2019-12-08T21:43:58;4.20;;;0.90;;
35693;SDS011;21812;55.536;37.664;2019-12-08T21:46:30;2.90;;;1.00;;
35693;SDS011;21812;55.536;37.664;2019-12-08T21:49:02;2.13;;;1.07;;
35693;SDS011;21812;55.536;37.664;2019-12-08T21:51:31;2.93;;;0.90;;
35693;SDS011;21812;55.536;37.664;2019-12-08T21:54:00;2.17;;;0.60;;
35693;SDS011;21812;55.536;37.664;2019-12-08T21:56:35;4.53;;;1.10;;
35693;SDS011;21812;55.536;37.664;2019-12-08T21:59:04;3.03;;;1.47;;
35693;SDS011;21812;55.536;37.664;2019-12-08T22:01:36;4.97;;;0.73;;
35693;SDS011;21812;55.536;37.664;2019-12-08T22:04:06;1.80;;;0.57;;
35693;SDS011;21812;55.536;37.664;2019-12-08T22:06:37;2.03;;;0.80;;
35693;SDS011;21812;55.536;37.664;2019-12-08T22:11:43;1.17;;;0.70;;
35693;SDS011;21812;55.536;37.664;2019-12-08T22:14:19;2.27;;;0.57;;
35693;SDS011;21812;55.536;37.664;2019-12-08T22:16:48;2.53;;;0.70;;
35693;SDS011;21812;55.536;37.664;2019-12-08T22:19:16;2.10;;;0.83;;
35693;SDS011;21812;55.536;37.664;2019-12-08T22:21:49;3.35;;;0.93;;
35693;SDS011;21812;55.536;37.664;2019-12-08T22:24:22;4.33;;;0.90;;
35693;SDS011;21812;55.536;37.664;2019-12-08T22:26:52;1.37;;;0.80;;
35693;SDS011;21812;55.536;37.664;2019-12-08T22:29:24;4.23;;;2.27;;
35693;SDS011;21812;55.536;37.664;2019-12-08T22:31:54;2.23;;;0.67;;
35693;SDS011;21812;55.536;37.664;2019-12-08T22:34:26;2.33;;;0.80;;
35693;SDS011;21812;55.536;37.664;2019-12-08T22:36:58;2.67;;;0.93;;
35693;SDS011;21812;55.536;37.664;2019-12-08T22:39:36;1.83;;;0.60;;
35693;SDS011;21812;55.536;37.664;2019-12-08T22:42:08;3.37;;;1.20;;
35693;SDS011;21812;55.536;37.664;2019-12-08T22:44:37;5.57;;;1.27;;
35693;SDS011;21812;55.536;37.664;2019-12-08T22:47:15;2.47;;;1.17;;
35693;SDS011;21812;55.536;37.664;2019-12-08T22:49:48;1.40;;;0.80;;
35693;SDS011;21812;55.536;37.664;2019-12-08T22:52:20;1.47;;;0.80;;
35693;SDS011;21812;55.536;37.664;2019-12-08T22:54:54;2.20;;;0.90;;
35693;SDS011;21812;55.536;37.664;2019-12-08T22:57:30;3.03;;;1.33;;
35693;SDS011;21812;55.536;37.664;2019-12-08T23:00:07;1.63;;;0.70;;
35693;SDS011;21812;55.536;37.664;2019-12-08T23:02:45;3.47;;;1.10;;
35693;SDS011;21812;55.536;37.664;2019-12-08T23:05:18;2.43;;;1.10;;
35693;SDS011;21812;55.536;37.664;2019-12-08T23:07:52;2.63;;;1.07;;
35693;SDS011;21812;55.536;37.664;2019-12-08T23:10:24;3.57;;;1.17;;
35693;SDS011;21812;55.536;37.664;2019-12-08T23:12:54;1.80;;;1.20;;
35693;SDS011;21812;55.536;37.664;2019-12-08T23:15:24;4.43;;;1.33;;
35693;SDS011;21812;55.536;37.664;2019-12-08T23:18:03;10.03;;;1.83;;
35693;SDS011;21812;55.536;37.664;2019-12-08T23:20:44;4.87;;;1.63;;
35693;SDS011;21812;55.536;37.664;2019-12-08T23:23:24;3.93;;;0.97;;
35693;SDS011;21812;55.536;37.664;2019-12-08T23:26:04;3.17;;;1.23;;
35693;SDS011;21812;55.536;37.664;2019-12-08T23:28:40;4.00;;;1.77;;
35693;SDS011;21812;55.536;37.664;2019-12-08T23:31:19;5.10;;;1.37;;
35693;SDS011;21812;55.536;37.664;2019-12-08T23:33:52;2.78;;;1.92;;
35693;SDS011;21812;55.536;37.664;2019-12-08T23:36:25;4.50;;;1.30;;
35693;SDS011;21812;55.536;37.664;2019-12-08T23:38:57;3.57;;;1.37;;
35693;SDS011;21812;55.536;37.664;2019-12-08T23:41:30;3.40;;;1.02;;
35693;SDS011;21812;55.536;37.664;2019-12-08T23:44:05;5.27;;;1.50;;
35693;SDS011;21812;55.536;37.664;2019-12-08T23:47:56;2.97;;;1.13;;
35693;SDS011;21812;55.536;37.664;2019-12-08T23:50:38;5.37;;;1.10;;
35693;SDS011;21812;55.536;37.664;2019-12-08T23:59:56;5.37;;;1.77;;
