sensor_id;sensor_type;location;lat;lon;timestamp;P1;durP1;ratioP1;P2;durP2;ratioP2
35985;SDS011;22060;55.900;37.528;2019-12-09T17:40:47;27.90;;;10.85;;
35985;SDS011;22060;55.900;37.528;2019-12-09T17:43:12;19.48;;;9.20;;
35985;SDS011;22060;55.900;37.528;2019-12-09T17:55:16;24.48;;;12.13;;
35985;SDS011;22060;55.900;37.528;2019-12-09T18:02:26;27.77;;;10.52;;
35985;SDS011;22060;55.900;37.528;2019-12-09T18:04:55;21.95;;;9.63;;
35985;SDS011;22060;55.900;37.528;2019-12-09T18:07:23;21.27;;;10.73;;
35985;SDS011;22060;55.900;37.528;2019-12-09T18:09:54;24.10;;;8.68;;
35985;SDS011;22060;55.900;37.528;2019-12-09T18:12:23;22.87;;;10.73;;
35985;SDS011;22060;55.900;37.528;2019-12-09T18:14:52;29.27;;;11.43;;
35985;SDS011;22060;55.900;37.528;2019-12-09T18:17:21;21.40;;;11.18;;
35985;SDS011;22060;55.900;37.528;2019-12-09T18:20:57;38.47;;;9.85;;
35985;SDS011;22060;55.900;37.528;2019-12-09T18:23:26;34.60;;;12.57;;
35985;SDS011;22060;55.900;37.528;2019-12-09T18:36:21;31.15;;;9.80;;
35985;SDS011;22060;55.900;37.528;2019-12-09T18:38:54;17.87;;;11.12;;
35985;SDS011;22060;55.900;37.528;2019-12-09T18:41:30;18.67;;;10.30;;
35985;SDS011;22060;55.900;37.528;2019-12-09T18:44:04;19.23;;;10.50;;
35985;SDS011;22060;55.900;37.528;2019-12-09T18:46:41;20.67;;;8.95;;
35985;SDS011;22060;55.900;37.528;2019-12-09T18:50:52;27.35;;;12.65;;
35985;SDS011;22060;55.900;37.528;2019-12-09T18:53:33;24.25;;;10.57;;
35985;SDS011;22060;55.900;37.528;2019-12-09T18:56:10;20.45;;;9.88;;
35985;SDS011;22060;55.900;37.528;2019-12-09T18:58:44;17.08;;;8.73;;
35985;SDS011;22060;55.900;37.528;2019-12-09T19:01:20;20.60;;;10.02;;
35985;SDS011;22060;55.900;37.528;2019-12-09T19:03:58;16.73;;;9.40;;
35985;SDS011;22060;55.900;37.528;2019-12-09T19:06:34;22.58;;;10.63;;
35985;SDS011;22060;55.900;37.528;2019-12-09T19:09:12;23.15;;;10.80;;
35985;SDS011;22060;55.900;37.528;2019-12-09T19:11:46;19.58;;;10.68;;
35985;SDS011;22060;55.900;37.528;2019-12-09T19:14:27;30.83;;;9.68;;
35985;SDS011;22060;55.900;37.528;2019-12-09T19:17:08;20.52;;;8.52;;
35985;SDS011;22060;55.900;37.528;2019-12-09T19:19:43;19.10;;;11.07;;
35985;SDS011;22060;55.900;37.528;2019-12-09T19:22:18;28.52;;;10.38;;
35985;SDS011;22060;55.900;37.528;2019-12-09T19:24:57;23.35;;;10.77;;
35985;SDS011;22060;55.900;37.528;2019-12-09T19:27:33;20.23;;;10.45;;
35985;SDS011;22060;55.900;37.528;2019-12-09T20:07:38;43.97;;;15.25;;
35985;SDS011;22060;55.900;37.528;2019-12-09T20:10:13;33.35;;;13.30;;
35985;SDS011;22060;55.900;37.528;2019-12-09T20:12:47;42.30;;;13.05;;
35985;SDS011;22060;55.900;37.528;2019-12-09T20:15:24;33.80;;;14.07;;
35985;SDS011;22060;55.900;37.528;2019-12-09T20:18:00;41.17;;;13.00;;
35985;SDS011;22060;55.900;37.528;2019-12-09T20:20:45;40.90;;;15.60;;
35985;SDS011;22060;55.900;37.528;2019-12-09T20:23:44;47.30;;;13.05;;
35985;SDS011;22060;55.900;37.528;2019-12-09T20:27:41;48.13;;;15.52;;
35985;SDS011;22060;55.900;37.528;2019-12-09T20:32:17;29.48;;;12.65;;
35985;SDS011;22060;55.900;37.528;2019-12-09T20:34:51;34.08;;;11.07;;
35985;SDS011;22060;55.900;37.528;2019-12-09T20:41:04;38.28;;;11.45;;
35985;SDS011;22060;55.900;37.528;2019-12-09T20:43:37;40.22;;;11.32;;
35985;SDS011;22060;55.900;37.528;2019-12-09T20:46:12;28.70;;;10.65;;
35985;SDS011;22060;55.900;37.528;2019-12-09T20:48:45;30.48;;;10.55;;
35985;SDS011;22060;55.900;37.528;2019-12-09T20:51:18;30.95;;;11.07;;
35985;SDS011;22060;55.900;37.528;2019-12-09T20:53:53;33.00;;;10.82;;
35985;SDS011;22060;55.900;37.528;2019-12-09T20:56:29;31.52;;;11.82;;
35985;SDS011;22060;55.900;37.528;2019-12-09T20:59:10;27.08;;;10.70;;
35985;SDS011;22060;55.900;37.528;2019-12-09T21:01:43;28.12;;;12.13;;
35985;SDS011;22060;55.900;37.528;2019-12-09T21:04:35;36.65;;;13.62;;
35985;SDS011;22060;55.900;37.528;2019-12-09T21:07:27;37.80;;;14.60;;
35985;SDS011;22060;55.900;37.528;2019-12-09T21:10:19;40.95;;;13.93;;
35985;SDS011;22060;55.900;37.528;2019-12-09T21:13:19;60.22;;;16.95;;
35985;SDS011;22060;55.900;37.528;2019-12-09T21:16:19;71.68;;;19.17;;
35985;SDS011;22060;55.900;37.528;2019-12-09T21:18:54;65.47;;;15.32;;
35985;SDS011;22060;55.900;37.528;2019-12-09T21:21:28;43.03;;;16.17;;
35985;SDS011;22060;55.900;37.528;2019-12-09T21:24:05;32.50;;;14.00;;
35985;SDS011;22060;55.900;37.528;2019-12-09T21:26:40;37.95;;;14.75;;
35985;SDS011;22060;55.900;37.528;2019-12-09T21:29:18;41.15;;;15.60;;
35985;SDS011;22060;55.900;37.528;2019-12-09T21:31:52;35.67;;;13.50;;
35985;SDS011;22060;55.900;37.528;2019-12-09T21:34:28;34.65;;;14.02;;
35985;SDS011;22060;55.900;37.528;2019-12-09T21:37:02;29.17;;;11.65;;
35985;SDS011;22060;55.900;37.528;2019-12-09T21:39:36;30.10;;;12.23;;
35985;SDS011;22060;55.900;37.528;2019-12-09T21:42:11;36.30;;;11.65;;
35985;SDS011;22060;55.900;37.528;2019-12-09T21:44:46;29.50;;;12.85;;
35985;SDS011;22060;55.900;37.528;2019-12-09T21:47:20;24.87;;;12.37;;
35985;SDS011;22060;55.900;37.528;2019-12-09T21:50:02;25.08;;;11.50;;
35985;SDS011;22060;55.900;37.528;2019-12-09T21:52:45;25.90;;;11.90;;
35985;SDS011;22060;55.900;37.528;2019-12-09T21:55:29;24.07;;;10.67;;
35985;SDS011;22060;55.900;37.528;2019-12-09T21:58:05;30.12;;;9.90;;
35985;SDS011;22060;55.900;37.528;2019-12-09T22:00:41;21.73;;;10.10;;
35985;SDS011;22060;55.900;37.528;2019-12-09T22:04:41;17.65;;;9.65;;
35985;SDS011;22060;55.900;37.528;2019-12-09T22:07:34;23.77;;;10.20;;
35985;SDS011;22060;55.900;37.528;2019-12-09T22:10:10;24.75;;;10.35;;
35985;SDS011;22060;55.900;37.528;2019-12-09T22:12:47;21.15;;;9.23;;
35985;SDS011;22060;55.900;37.528;2019-12-09T22:15:22;17.77;;;9.30;;
35985;SDS011;22060;55.900;37.528;2019-12-09T22:17:56;16.48;;;8.68;;
35985;SDS011;22060;55.900;37.528;2019-12-09T22:20:29;19.50;;;10.07;;
35985;SDS011;22060;55.900;37.528;2019-12-09T22:23:02;16.23;;;8.73;;
35985;SDS011;22060;55.900;37.528;2019-12-09T22:25:35;14.90;;;8.70;;
35985;SDS011;22060;55.900;37.528;2019-12-09T22:28:08;17.00;;;8.70;;
35985;SDS011;22060;55.900;37.528;2019-12-09T22:30:45;18.23;;;9.23;;
35985;SDS011;22060;55.900;37.528;2019-12-09T22:33:18;18.85;;;8.45;;
35985;SDS011;22060;55.900;37.528;2019-12-09T22:35:54;18.23;;;8.98;;
35985;SDS011;22060;55.900;37.528;2019-12-09T22:38:43;14.25;;;8.75;;
35985;SDS011;22060;55.900;37.528;2019-12-09T22:41:32;16.77;;;9.20;;
35985;SDS011;22060;55.900;37.528;2019-12-09T22:44:06;15.52;;;8.10;;
35985;SDS011;22060;55.900;37.528;2019-12-09T22:46:50;14.20;;;8.25;;
35985;SDS011;22060;55.900;37.528;2019-12-09T22:49:34;13.23;;;7.23;;
35985;SDS011;22060;55.900;37.528;2019-12-09T22:52:22;16.02;;;7.47;;
35985;SDS011;22060;55.900;37.528;2019-12-09T22:55:04;18.25;;;8.73;;
35985;SDS011;22060;55.900;37.528;2019-12-09T22:57:42;14.38;;;8.23;;
35985;SDS011;22060;55.900;37.528;2019-12-09T23:00:17;18.20;;;8.30;;
35985;SDS011;22060;55.900;37.528;2019-12-09T23:03:12;17.00;;;8.02;;
35985;SDS011;22060;55.900;37.528;2019-12-09T23:05:52;12.82;;;7.75;;
35985;SDS011;22060;55.900;37.528;2019-12-09T23:08:27;13.52;;;8.50;;
35985;SDS011;22060;55.900;37.528;2019-12-09T23:11:05;14.90;;;7.78;;
35985;SDS011;22060;55.900;37.528;2019-12-09T23:13:47;15.63;;;7.53;;
35985;SDS011;22060;55.900;37.528;2019-12-09T23:16:30;13.20;;;7.53;;
35985;SDS011;22060;55.900;37.528;2019-12-09T23:20:01;10.10;;;7.20;;
35985;SDS011;22060;55.900;37.528;2019-12-09T23:22:39;15.80;;;8.00;;
35985;SDS011;22060;55.900;37.528;2019-12-09T23:25:14;10.52;;;7.05;;
35985;SDS011;22060;55.900;37.528;2019-12-09T23:27:55;10.48;;;6.87;;
35985;SDS011;22060;55.900;37.528;2019-12-09T23:30:38;15.05;;;7.53;;
35985;SDS011;22060;55.900;37.528;2019-12-09T23:33:21;15.18;;;7.65;;
35985;SDS011;22060;55.900;37.528;2019-12-09T23:36:06;11.80;;;7.70;;
35985;SDS011;22060;55.900;37.528;2019-12-09T23:38:48;12.23;;;7.20;;
35985;SDS011;22060;55.900;37.528;2019-12-09T23:41:25;12.68;;;7.10;;
35985;SDS011;22060;55.900;37.528;2019-12-09T23:44:02;13.13;;;6.93;;
35985;SDS011;22060;55.900;37.528;2019-12-09T23:46:42;13.95;;;7.50;;
35985;SDS011;22060;55.900;37.528;2019-12-09T23:49:19;15.48;;;7.22;;
35985;SDS011;22060;55.900;37.528;2019-12-09T23:51:54;8.75;;;6.18;;
35985;SDS011;22060;55.900;37.528;2019-12-09T23:54:35;11.50;;;7.10;;
35985;SDS011;22060;55.900;37.528;2019-12-09T23:57:14;8.90;;;6.35;;
35985;SDS011;22060;55.900;37.528;2019-12-09T23:59:49;10.10;;;6.45;;
35985;SDS011;22060;55.900;37.528;2019-12-10T00:02:25;11.80;;;6.72;;
35985;SDS011;22060;55.900;37.528;2019-12-10T00:05:23;10.88;;;7.25;;
35985;SDS011;22060;55.900;37.528;2019-12-10T00:08:08;11.32;;;6.62;;
35985;SDS011;22060;55.900;37.528;2019-12-10T00:10:55;13.48;;;7.40;;
35985;SDS011;22060;55.900;37.528;2019-12-10T00:13:53;11.48;;;6.85;;
35985;SDS011;22060;55.900;37.528;2019-12-10T00:16:33;10.25;;;6.80;;
35985;SDS011;22060;55.900;37.528;2019-12-10T00:19:10;10.63;;;6.68;;
35985;SDS011;22060;55.900;37.528;2019-12-10T00:21:43;9.45;;;5.95;;
35985;SDS011;22060;55.900;37.528;2019-12-10T00:24:17;12.37;;;6.22;;
35985;SDS011;22060;55.900;37.528;2019-12-10T00:26:51;12.73;;;6.37;;
35985;SDS011;22060;55.900;37.528;2019-12-10T00:29:32;17.02;;;6.82;;
35985;SDS011;22060;55.900;37.528;2019-12-10T00:32:41;9.82;;;5.97;;
35985;SDS011;22060;55.900;37.528;2019-12-10T00:37:57;9.23;;;6.05;;
35985;SDS011;22060;55.900;37.528;2019-12-10T00:40:31;10.23;;;6.53;;
35985;SDS011;22060;55.900;37.528;2019-12-10T00:43:07;11.02;;;6.40;;
35985;SDS011;22060;55.900;37.528;2019-12-10T00:45:40;8.88;;;6.15;;
35985;SDS011;22060;55.900;37.528;2019-12-10T00:48:13;9.52;;;6.60;;
35985;SDS011;22060;55.900;37.528;2019-12-10T00:50:45;10.70;;;6.35;;
35985;SDS011;22060;55.900;37.528;2019-12-10T00:53:19;10.23;;;5.50;;
35985;SDS011;22060;55.900;37.528;2019-12-10T00:55:51;9.73;;;6.20;;
35985;SDS011;22060;55.900;37.528;2019-12-10T00:58:23;10.40;;;6.65;;
35985;SDS011;22060;55.900;37.528;2019-12-10T01:00:59;8.27;;;5.37;;
35985;SDS011;22060;55.900;37.528;2019-12-10T01:03:40;9.55;;;6.05;;
35985;SDS011;22060;55.900;37.528;2019-12-10T01:06:14;9.80;;;6.18;;
35985;SDS011;22060;55.900;37.528;2019-12-10T01:08:47;10.70;;;6.40;;
35985;SDS011;22060;55.900;37.528;2019-12-10T01:11:20;10.57;;;5.73;;
35985;SDS011;22060;55.900;37.528;2019-12-10T01:14:00;9.60;;;5.95;;
35985;SDS011;22060;55.900;37.528;2019-12-10T01:16:40;8.93;;;6.03;;
35985;SDS011;22060;55.900;37.528;2019-12-10T01:19:21;8.48;;;5.68;;
35985;SDS011;22060;55.900;37.528;2019-12-10T01:21:53;13.52;;;5.50;;
35985;SDS011;22060;55.900;37.528;2019-12-10T01:24:36;9.10;;;5.78;;
35985;SDS011;22060;55.900;37.528;2019-12-10T01:27:18;13.57;;;6.22;;
35985;SDS011;22060;55.900;37.528;2019-12-10T01:29:52;8.93;;;6.05;;
35985;SDS011;22060;55.900;37.528;2019-12-10T01:32:26;9.50;;;6.28;;
35985;SDS011;22060;55.900;37.528;2019-12-10T01:35:35;7.93;;;5.25;;
35985;SDS011;22060;55.900;37.528;2019-12-10T01:39:33;6.25;;;5.30;;
35985;SDS011;22060;55.900;37.528;2019-12-10T01:42:26;9.63;;;6.53;;
35985;SDS011;22060;55.900;37.528;2019-12-10T01:45:06;8.55;;;5.68;;
35985;SDS011;22060;55.900;37.528;2019-12-10T01:47:48;11.82;;;5.50;;
35985;SDS011;22060;55.900;37.528;2019-12-10T01:50:28;8.43;;;5.87;;
35985;SDS011;22060;55.900;37.528;2019-12-10T01:53:03;8.32;;;6.28;;
35985;SDS011;22060;55.900;37.528;2019-12-10T01:55:36;8.57;;;6.15;;
35985;SDS011;22060;55.900;37.528;2019-12-10T01:58:08;7.50;;;5.25;;
35985;SDS011;22060;55.900;37.528;2019-12-10T02:00:41;8.10;;;5.78;;
35985;SDS011;22060;55.900;37.528;2019-12-10T02:03:13;10.45;;;5.93;;
35985;SDS011;22060;55.900;37.528;2019-12-10T02:05:46;8.80;;;5.72;;
35985;SDS011;22060;55.900;37.528;2019-12-10T02:08:20;7.97;;;5.50;;
35985;SDS011;22060;55.900;37.528;2019-12-10T02:10:53;13.15;;;6.28;;
35985;SDS011;22060;55.900;37.528;2019-12-10T02:13:40;7.45;;;5.30;;
35985;SDS011;22060;55.900;37.528;2019-12-10T02:16:21;7.85;;;5.65;;
35985;SDS011;22060;55.900;37.528;2019-12-10T02:19:01;9.93;;;5.87;;
35985;SDS011;22060;55.900;37.528;2019-12-10T05:59:30;8.07;;;4.00;;
35985;SDS011;22060;55.900;37.528;2019-12-10T06:03:26;7.37;;;4.55;;
35985;SDS011;22060;55.900;37.528;2019-12-10T06:06:07;9.80;;;4.65;;
35985;SDS011;22060;55.900;37.528;2019-12-10T06:08:44;6.07;;;4.10;;
35985;SDS011;22060;55.900;37.528;2019-12-10T06:11:18;6.97;;;4.27;;
35985;SDS011;22060;55.900;37.528;2019-12-10T06:13:53;6.20;;;4.50;;
35985;SDS011;22060;55.900;37.528;2019-12-10T06:16:25;6.18;;;3.95;;
35985;SDS011;22060;55.900;37.528;2019-12-10T06:18:59;15.20;;;4.70;;
35985;SDS011;22060;55.900;37.528;2019-12-10T06:21:34;6.47;;;3.67;;
35985;SDS011;22060;55.900;37.528;2019-12-10T06:24:16;6.40;;;4.10;;
35985;SDS011;22060;55.900;37.528;2019-12-10T06:26:51;8.00;;;4.40;;
35985;SDS011;22060;55.900;37.528;2019-12-10T06:29:28;7.47;;;4.22;;
35985;SDS011;22060;55.900;37.528;2019-12-10T06:32:01;9.25;;;4.12;;
35985;SDS011;22060;55.900;37.528;2019-12-10T06:34:34;5.62;;;3.92;;
35985;SDS011;22060;55.900;37.528;2019-12-10T06:37:10;7.18;;;4.10;;
35985;SDS011;22060;55.900;37.528;2019-12-10T06:39:46;4.78;;;3.62;;
35985;SDS011;22060;55.900;37.528;2019-12-10T06:42:20;12.05;;;4.30;;
35985;SDS011;22060;55.900;37.528;2019-12-10T06:44:54;11.05;;;4.18;;
35985;SDS011;22060;55.900;37.528;2019-12-10T06:47:29;11.82;;;4.00;;
35985;SDS011;22060;55.900;37.528;2019-12-10T06:50:24;13.13;;;4.43;;
35985;SDS011;22060;55.900;37.528;2019-12-10T06:52:59;10.82;;;4.28;;
35985;SDS011;22060;55.900;37.528;2019-12-10T06:55:33;21.03;;;4.10;;
35985;SDS011;22060;55.900;37.528;2019-12-10T06:58:15;15.02;;;4.30;;
35985;SDS011;22060;55.900;37.528;2019-12-10T07:01:13;15.93;;;3.95;;
35985;SDS011;22060;55.900;37.528;2019-12-10T07:04:01;12.68;;;4.10;;
35985;SDS011;22060;55.900;37.528;2019-12-10T07:06:41;8.63;;;4.03;;
35985;SDS011;22060;55.900;37.528;2019-12-10T07:09:16;9.73;;;4.40;;
35985;SDS011;22060;55.900;37.528;2019-12-10T07:12:09;15.50;;;4.62;;
35985;SDS011;22060;55.900;37.528;2019-12-10T07:14:41;19.25;;;4.28;;
35985;SDS011;22060;55.900;37.528;2019-12-10T07:17:15;12.82;;;3.75;;
35985;SDS011;22060;55.900;37.528;2019-12-10T07:19:49;8.07;;;4.40;;
35985;SDS011;22060;55.900;37.528;2019-12-10T07:22:22;8.90;;;3.67;;
35985;SDS011;22060;55.900;37.528;2019-12-10T07:27:33;7.00;;;4.30;;
35985;SDS011;22060;55.900;37.528;2019-12-10T07:30:08;6.57;;;4.00;;
35985;SDS011;22060;55.900;37.528;2019-12-10T07:32:42;14.07;;;4.15;;
35985;SDS011;22060;55.900;37.528;2019-12-10T07:35:16;12.98;;;4.07;;
35985;SDS011;22060;55.900;37.528;2019-12-10T07:37:52;11.05;;;3.75;;
35985;SDS011;22060;55.900;37.528;2019-12-10T07:40:25;7.22;;;3.70;;
35985;SDS011;22060;55.900;37.528;2019-12-10T07:43:00;6.68;;;3.67;;
35985;SDS011;22060;55.900;37.528;2019-12-10T07:45:35;6.32;;;3.62;;
35985;SDS011;22060;55.900;37.528;2019-12-10T07:48:10;10.43;;;4.20;;
35985;SDS011;22060;55.900;37.528;2019-12-10T07:50:44;9.32;;;4.18;;
35985;SDS011;22060;55.900;37.528;2019-12-10T07:53:18;13.07;;;4.72;;
35985;SDS011;22060;55.900;37.528;2019-12-10T07:55:55;7.07;;;3.65;;
35985;SDS011;22060;55.900;37.528;2019-12-10T07:58:45;6.95;;;4.50;;
35985;SDS011;22060;55.900;37.528;2019-12-10T08:01:22;5.95;;;3.80;;
35985;SDS011;22060;55.900;37.528;2019-12-10T08:04:08;6.12;;;4.12;;
35985;SDS011;22060;55.900;37.528;2019-12-10T08:06:46;11.38;;;4.75;;
35985;SDS011;22060;55.900;37.528;2019-12-10T08:09:46;12.43;;;4.87;;
35985;SDS011;22060;55.900;37.528;2019-12-10T08:12:32;11.63;;;4.87;;
35985;SDS011;22060;55.900;37.528;2019-12-10T08:15:29;6.80;;;4.18;;
35985;SDS011;22060;55.900;37.528;2019-12-10T08:18:13;6.70;;;4.50;;
35985;SDS011;22060;55.900;37.528;2019-12-10T08:20:50;6.30;;;4.50;;
35985;SDS011;22060;55.900;37.528;2019-12-10T08:23:27;7.80;;;4.95;;
35985;SDS011;22060;55.900;37.528;2019-12-10T08:26:06;9.07;;;4.62;;
35985;SDS011;22060;55.900;37.528;2019-12-10T08:28:47;6.62;;;4.50;;
35985;SDS011;22060;55.900;37.528;2019-12-10T08:31:30;13.50;;;4.60;;
35985;SDS011;22060;55.900;37.528;2019-12-10T08:34:20;41.20;;;5.20;;
35985;SDS011;22060;55.900;37.528;2019-12-10T08:36:57;25.30;;;4.90;;
35985;SDS011;22060;55.900;37.528;2019-12-10T08:39:30;25.73;;;5.35;;
35985;SDS011;22060;55.900;37.528;2019-12-10T08:42:06;19.37;;;6.05;;
35985;SDS011;22060;55.900;37.528;2019-12-10T08:44:41;16.30;;;5.43;;
35985;SDS011;22060;55.900;37.528;2019-12-10T08:47:16;9.57;;;4.85;;
35985;SDS011;22060;55.900;37.528;2019-12-10T08:49:58;14.32;;;4.85;;
35985;SDS011;22060;55.900;37.528;2019-12-10T08:52:33;8.45;;;5.25;;
35985;SDS011;22060;55.900;37.528;2019-12-10T08:55:09;18.62;;;5.43;;
35985;SDS011;22060;55.900;37.528;2019-12-10T08:57:44;15.30;;;6.35;;
35985;SDS011;22060;55.900;37.528;2019-12-10T09:00:24;13.13;;;6.22;;
35985;SDS011;22060;55.900;37.528;2019-12-10T09:03:05;16.35;;;6.68;;
35985;SDS011;22060;55.900;37.528;2019-12-10T09:05:41;14.45;;;5.75;;
35985;SDS011;22060;55.900;37.528;2019-12-10T09:08:18;11.93;;;6.40;;
35985;SDS011;22060;55.900;37.528;2019-12-10T09:10:51;12.82;;;5.43;;
35985;SDS011;22060;55.900;37.528;2019-12-10T09:13:25;14.20;;;5.30;;
35985;SDS011;22060;55.900;37.528;2019-12-10T09:16:03;10.20;;;6.05;;
35985;SDS011;22060;55.900;37.528;2019-12-10T09:18:36;9.02;;;5.93;;
35985;SDS011;22060;55.900;37.528;2019-12-10T09:21:10;15.43;;;6.37;;
35985;SDS011;22060;55.900;37.528;2019-12-10T09:23:44;14.07;;;6.30;;
35985;SDS011;22060;55.900;37.528;2019-12-10T09:26:19;10.95;;;6.80;;
35985;SDS011;22060;55.900;37.528;2019-12-10T09:28:58;12.00;;;6.68;;
35985;SDS011;22060;55.900;37.528;2019-12-10T09:31:41;8.27;;;5.55;;
35985;SDS011;22060;55.900;37.528;2019-12-10T09:34:16;18.15;;;6.40;;
35985;SDS011;22060;55.900;37.528;2019-12-10T09:36:58;12.35;;;7.10;;
35985;SDS011;22060;55.900;37.528;2019-12-10T09:39:40;9.38;;;6.35;;
35985;SDS011;22060;55.900;37.528;2019-12-10T09:42:14;10.30;;;6.60;;
35985;SDS011;22060;55.900;37.528;2019-12-10T09:44:48;10.23;;;6.32;;
35985;SDS011;22060;55.900;37.528;2019-12-10T09:47:28;13.05;;;7.80;;
35985;SDS011;22060;55.900;37.528;2019-12-10T09:50:03;10.82;;;6.95;;
35985;SDS011;22060;55.900;37.528;2019-12-10T09:52:37;12.37;;;6.62;;
35985;SDS011;22060;55.900;37.528;2019-12-10T09:55:12;15.27;;;7.25;;
35985;SDS011;22060;55.900;37.528;2019-12-10T09:57:47;13.07;;;7.32;;
35985;SDS011;22060;55.900;37.528;2019-12-10T10:00:23;13.62;;;7.53;;
35985;SDS011;22060;55.900;37.528;2019-12-10T10:02:57;12.85;;;7.82;;
35985;SDS011;22060;55.900;37.528;2019-12-10T10:05:30;13.35;;;8.18;;
35985;SDS011;22060;55.900;37.528;2019-12-10T10:08:08;13.62;;;7.50;;
35985;SDS011;22060;55.900;37.528;2019-12-10T10:10:51;15.05;;;8.75;;
35985;SDS011;22060;55.900;37.528;2019-12-10T10:13:27;16.80;;;8.88;;
35985;SDS011;22060;55.900;37.528;2019-12-10T10:17:40;11.93;;;8.23;;
35985;SDS011;22060;55.900;37.528;2019-12-10T10:20:26;18.80;;;8.98;;
35985;SDS011;22060;55.900;37.528;2019-12-10T10:23:08;13.50;;;8.35;;
35985;SDS011;22060;55.900;37.528;2019-12-10T10:25:55;13.40;;;8.80;;
35985;SDS011;22060;55.900;37.528;2019-12-10T10:28:32;15.57;;;8.80;;
35985;SDS011;22060;55.900;37.528;2019-12-10T10:31:10;15.43;;;9.73;;
35985;SDS011;22060;55.900;37.528;2019-12-10T10:33:47;15.90;;;9.07;;
35985;SDS011;22060;55.900;37.528;2019-12-10T10:36:28;18.60;;;9.70;;
35985;SDS011;22060;55.900;37.528;2019-12-10T10:39:04;15.43;;;8.88;;
35985;SDS011;22060;55.900;37.528;2019-12-10T10:41:54;16.67;;;9.88;;
35985;SDS011;22060;55.900;37.528;2019-12-10T10:44:28;18.05;;;8.85;;
35985;SDS011;22060;55.900;37.528;2019-12-10T10:47:05;23.23;;;9.50;;
35985;SDS011;22060;55.900;37.528;2019-12-10T10:49:45;25.98;;;10.00;;
35985;SDS011;22060;55.900;37.528;2019-12-10T10:52:19;17.48;;;9.43;;
35985;SDS011;22060;55.900;37.528;2019-12-10T10:54:54;20.45;;;10.20;;
35985;SDS011;22060;55.900;37.528;2019-12-10T10:57:29;20.12;;;10.73;;
35985;SDS011;22060;55.900;37.528;2019-12-10T11:00:03;23.30;;;10.98;;
35985;SDS011;22060;55.900;37.528;2019-12-10T11:02:43;22.27;;;12.27;;
35985;SDS011;22060;55.900;37.528;2019-12-10T11:05:23;21.10;;;10.77;;
35985;SDS011;22060;55.900;37.528;2019-12-10T11:07:57;21.73;;;11.23;;
35985;SDS011;22060;55.900;37.528;2019-12-10T11:10:35;20.85;;;11.12;;
35985;SDS011;22060;55.900;37.528;2019-12-10T11:13:28;20.85;;;12.15;;
35985;SDS011;22060;55.900;37.528;2019-12-10T11:18:04;22.08;;;12.15;;
35985;SDS011;22060;55.900;37.528;2019-12-10T11:21:17;21.60;;;12.63;;
35985;SDS011;22060;55.900;37.528;2019-12-10T11:23:53;35.20;;;13.80;;
35985;SDS011;22060;55.900;37.528;2019-12-10T11:26:27;27.17;;;12.25;;
35985;SDS011;22060;55.900;37.528;2019-12-10T11:29:02;22.30;;;12.65;;
35985;SDS011;22060;55.900;37.528;2019-12-10T11:31:38;21.70;;;13.02;;
35985;SDS011;22060;55.900;37.528;2019-12-10T11:34:14;23.52;;;13.68;;
35985;SDS011;22060;55.900;37.528;2019-12-10T11:36:49;24.58;;;14.45;;
35985;SDS011;22060;55.900;37.528;2019-12-10T11:39:28;24.48;;;13.80;;
35985;SDS011;22060;55.900;37.528;2019-12-10T11:42:04;30.00;;;15.95;;
35985;SDS011;22060;55.900;37.528;2019-12-10T11:44:37;23.70;;;12.37;;
35985;SDS011;22060;55.900;37.528;2019-12-10T11:47:14;23.65;;;13.98;;
35985;SDS011;22060;55.900;37.528;2019-12-10T11:49:49;23.62;;;13.48;;
35985;SDS011;22060;55.900;37.528;2019-12-10T11:52:33;22.87;;;13.90;;
35985;SDS011;22060;55.900;37.528;2019-12-10T11:55:13;31.45;;;16.33;;
35985;SDS011;22060;55.900;37.528;2019-12-10T11:57:48;26.58;;;14.77;;
35985;SDS011;22060;55.900;37.528;2019-12-10T12:00:21;28.65;;;15.55;;
35985;SDS011;22060;55.900;37.528;2019-12-10T12:03:02;27.48;;;14.02;;
35985;SDS011;22060;55.900;37.528;2019-12-10T12:05:38;27.83;;;14.80;;
35985;SDS011;22060;55.900;37.528;2019-12-10T12:08:18;26.37;;;15.40;;
35985;SDS011;22060;55.900;37.528;2019-12-10T12:10:57;26.10;;;14.75;;
35985;SDS011;22060;55.900;37.528;2019-12-10T12:13:36;23.58;;;14.68;;
35985;SDS011;22060;55.900;37.528;2019-12-10T12:16:12;24.00;;;14.23;;
35985;SDS011;22060;55.900;37.528;2019-12-10T12:18:54;27.35;;;15.90;;
35985;SDS011;22060;55.900;37.528;2019-12-10T12:21:36;26.67;;;14.20;;
35985;SDS011;22060;55.900;37.528;2019-12-10T12:24:14;21.23;;;13.27;;
35985;SDS011;22060;55.900;37.528;2019-12-10T12:26:51;24.70;;;14.48;;
35985;SDS011;22060;55.900;37.528;2019-12-10T12:29:33;27.08;;;15.63;;
35985;SDS011;22060;55.900;37.528;2019-12-10T12:32:18;24.85;;;13.52;;
35985;SDS011;22060;55.900;37.528;2019-12-10T12:34:55;26.50;;;13.98;;
35985;SDS011;22060;55.900;37.528;2019-12-10T12:37:31;23.27;;;13.77;;
35985;SDS011;22060;55.900;37.528;2019-12-10T12:40:14;22.02;;;14.15;;
35985;SDS011;22060;55.900;37.528;2019-12-10T12:42:55;24.60;;;14.07;;
35985;SDS011;22060;55.900;37.528;2019-12-10T12:45:31;25.62;;;14.02;;
35985;SDS011;22060;55.900;37.528;2019-12-10T12:48:04;28.20;;;13.90;;
35985;SDS011;22060;55.900;37.528;2019-12-10T12:50:37;21.75;;;13.75;;
35985;SDS011;22060;55.900;37.528;2019-12-10T12:53:13;26.98;;;15.18;;
35985;SDS011;22060;55.900;37.528;2019-12-10T12:55:51;26.75;;;13.68;;
35985;SDS011;22060;55.900;37.528;2019-12-10T12:58:24;31.48;;;15.82;;
35985;SDS011;22060;55.900;37.528;2019-12-10T13:01:02;27.35;;;14.43;;
35985;SDS011;22060;55.900;37.528;2019-12-10T13:03:37;26.33;;;14.98;;
35985;SDS011;22060;55.900;37.528;2019-12-10T13:06:11;28.60;;;14.10;;
35985;SDS011;22060;55.900;37.528;2019-12-10T13:08:52;37.80;;;14.73;;
35985;SDS011;22060;55.900;37.528;2019-12-10T13:11:34;41.92;;;14.77;;
35985;SDS011;22060;55.900;37.528;2019-12-10T13:14:09;59.15;;;15.50;;
35985;SDS011;22060;55.900;37.528;2019-12-10T13:16:51;56.70;;;15.88;;
35985;SDS011;22060;55.900;37.528;2019-12-10T13:19:33;58.33;;;17.65;;
35985;SDS011;22060;55.900;37.528;2019-12-10T13:22:10;33.25;;;15.18;;
35985;SDS011;22060;55.900;37.528;2019-12-10T13:24:43;45.50;;;17.33;;
35985;SDS011;22060;55.900;37.528;2019-12-10T13:27:18;44.72;;;16.42;;
35985;SDS011;22060;55.900;37.528;2019-12-10T13:29:52;45.05;;;16.65;;
35985;SDS011;22060;55.900;37.528;2019-12-10T13:32:30;33.03;;;14.87;;
35985;SDS011;22060;55.900;37.528;2019-12-10T13:35:06;31.85;;;15.40;;
35985;SDS011;22060;55.900;37.528;2019-12-10T13:37:44;43.15;;;15.50;;
35985;SDS011;22060;55.900;37.528;2019-12-10T13:40:52;36.85;;;15.18;;
35985;SDS011;22060;55.900;37.528;2019-12-10T13:43:53;34.22;;;14.05;;
35985;SDS011;22060;55.900;37.528;2019-12-10T13:46:29;32.92;;;13.93;;
35985;SDS011;22060;55.900;37.528;2019-12-10T13:49:15;27.77;;;13.05;;
35985;SDS011;22060;55.900;37.528;2019-12-10T13:51:59;42.33;;;13.60;;
35985;SDS011;22060;55.900;37.528;2019-12-10T13:54:42;27.25;;;13.80;;
35985;SDS011;22060;55.900;37.528;2019-12-10T13:57:20;25.90;;;13.23;;
35985;SDS011;22060;55.900;37.528;2019-12-10T14:00:02;27.92;;;13.95;;
35985;SDS011;22060;55.900;37.528;2019-12-10T14:02:44;23.33;;;12.30;;
35985;SDS011;22060;55.900;37.528;2019-12-10T14:05:21;30.12;;;14.27;;
35985;SDS011;22060;55.900;37.528;2019-12-10T14:07:55;23.15;;;12.40;;
35985;SDS011;22060;55.900;37.528;2019-12-10T14:10:28;23.77;;;11.93;;
35985;SDS011;22060;55.900;37.528;2019-12-10T14:13:15;31.65;;;13.70;;
35985;SDS011;22060;55.900;37.528;2019-12-10T14:18:24;26.73;;;12.98;;
35985;SDS011;22060;55.900;37.528;2019-12-10T14:21:05;25.55;;;12.30;;
35985;SDS011;22060;55.900;37.528;2019-12-10T14:23:45;28.08;;;12.15;;
35985;SDS011;22060;55.900;37.528;2019-12-10T14:26:24;25.45;;;12.98;;
35985;SDS011;22060;55.900;37.528;2019-12-10T14:29:01;25.30;;;13.15;;
35985;SDS011;22060;55.900;37.528;2019-12-10T14:31:36;24.67;;;12.05;;
35985;SDS011;22060;55.900;37.528;2019-12-10T14:34:12;23.23;;;12.18;;
35985;SDS011;22060;55.900;37.528;2019-12-10T14:36:49;25.10;;;13.18;;
35985;SDS011;22060;55.900;37.528;2019-12-10T14:39:30;21.85;;;13.02;;
35985;SDS011;22060;55.900;37.528;2019-12-10T14:42:08;21.10;;;13.18;;
35985;SDS011;22060;55.900;37.528;2019-12-10T14:44:44;20.30;;;12.02;;
35985;SDS011;22060;55.900;37.528;2019-12-10T14:47:18;34.13;;;13.30;;
35985;SDS011;22060;55.900;37.528;2019-12-10T14:49:55;23.48;;;11.88;;
35985;SDS011;22060;55.900;37.528;2019-12-10T14:52:32;20.80;;;11.77;;
35985;SDS011;22060;55.900;37.528;2019-12-10T14:55:13;19.37;;;12.77;;
35985;SDS011;22060;55.900;37.528;2019-12-10T14:57:49;20.58;;;11.63;;
35985;SDS011;22060;55.900;37.528;2019-12-10T15:00:24;23.27;;;13.43;;
35985;SDS011;22060;55.900;37.528;2019-12-10T15:02:57;23.48;;;12.52;;
35985;SDS011;22060;55.900;37.528;2019-12-10T15:05:33;25.20;;;13.43;;
35985;SDS011;22060;55.900;37.528;2019-12-10T15:08:08;27.55;;;12.68;;
35985;SDS011;22060;55.900;37.528;2019-12-10T15:10:44;23.27;;;11.80;;
35985;SDS011;22060;55.900;37.528;2019-12-10T15:13:25;32.92;;;13.20;;
35985;SDS011;22060;55.900;37.528;2019-12-10T15:15:59;30.30;;;12.55;;
35985;SDS011;22060;55.900;37.528;2019-12-10T15:18:32;31.92;;;12.37;;
35985;SDS011;22060;55.900;37.528;2019-12-10T15:21:09;24.30;;;13.00;;
35985;SDS011;22060;55.900;37.528;2019-12-10T15:23:46;20.62;;;13.00;;
35985;SDS011;22060;55.900;37.528;2019-12-10T15:26:23;22.73;;;13.13;;
35985;SDS011;22060;55.900;37.528;2019-12-10T15:28:58;26.55;;;12.55;;
35985;SDS011;22060;55.900;37.528;2019-12-10T15:31:32;24.90;;;13.52;;
35985;SDS011;22060;55.900;37.528;2019-12-10T15:37:18;20.35;;;12.32;;
35985;SDS011;22060;55.900;37.528;2019-12-10T15:40:37;19.15;;;11.55;;
35985;SDS011;22060;55.900;37.528;2019-12-10T15:43:11;22.10;;;12.93;;
35985;SDS011;22060;55.900;37.528;2019-12-10T15:45:48;23.75;;;12.77;;
35985;SDS011;22060;55.900;37.528;2019-12-10T15:48:23;29.33;;;14.30;;
35985;SDS011;22060;55.900;37.528;2019-12-10T15:51:00;30.23;;;13.60;;
35985;SDS011;22060;55.900;37.528;2019-12-10T16:54:54;43.60;;;16.20;;
35985;SDS011;22060;55.900;37.528;2019-12-10T16:57:33;40.35;;;13.70;;
35985;SDS011;22060;55.900;37.528;2019-12-10T17:00:14;35.08;;;13.05;;
35985;SDS011;22060;55.900;37.528;2019-12-10T17:02:59;32.05;;;14.40;;
35985;SDS011;22060;55.900;37.528;2019-12-10T17:05:33;38.65;;;14.50;;
35985;SDS011;22060;55.900;37.528;2019-12-10T17:08:12;33.97;;;13.60;;
35985;SDS011;22060;55.900;37.528;2019-12-10T17:11:01;30.65;;;14.07;;
35985;SDS011;22060;55.900;37.528;2019-12-10T17:16:11;28.52;;;13.80;;
35985;SDS011;22060;55.900;37.528;2019-12-10T17:18:52;24.20;;;13.45;;
35985;SDS011;22060;55.900;37.528;2019-12-10T17:21:30;28.75;;;14.60;;
35985;SDS011;22060;55.900;37.528;2019-12-10T17:24:17;28.50;;;13.25;;
35985;SDS011;22060;55.900;37.528;2019-12-10T17:26:52;35.40;;;15.18;;
35985;SDS011;22060;55.900;37.528;2019-12-10T17:29:35;27.42;;;13.43;;
35985;SDS011;22060;55.900;37.528;2019-12-10T17:32:14;32.65;;;14.15;;
35985;SDS011;22060;55.900;37.528;2019-12-10T17:34:48;34.00;;;14.55;;
35985;SDS011;22060;55.900;37.528;2019-12-10T17:37:28;26.10;;;13.55;;
35985;SDS011;22060;55.900;37.528;2019-12-10T17:40:02;23.77;;;13.30;;
35985;SDS011;22060;55.900;37.528;2019-12-10T17:42:44;35.97;;;14.87;;
35985;SDS011;22060;55.900;37.528;2019-12-10T17:45:26;27.23;;;14.40;;
35985;SDS011;22060;55.900;37.528;2019-12-10T17:48:13;26.55;;;13.13;;
35985;SDS011;22060;55.900;37.528;2019-12-10T17:50:49;23.58;;;12.93;;
35985;SDS011;22060;55.900;37.528;2019-12-10T17:53:25;25.67;;;14.25;;
35985;SDS011;22060;55.900;37.528;2019-12-10T17:55:58;27.05;;;14.40;;
35985;SDS011;22060;55.900;37.528;2019-12-10T17:58:47;26.85;;;15.00;;
35985;SDS011;22060;55.900;37.528;2019-12-10T18:01:24;26.98;;;13.65;;
35985;SDS011;22060;55.900;37.528;2019-12-10T18:04:09;30.80;;;13.43;;
35985;SDS011;22060;55.900;37.528;2019-12-10T18:07:04;26.23;;;15.02;;
35985;SDS011;22060;55.900;37.528;2019-12-10T18:10:16;31.87;;;15.13;;
35985;SDS011;22060;55.900;37.528;2019-12-10T18:12:50;26.42;;;13.23;;
35985;SDS011;22060;55.900;37.528;2019-12-10T18:15:30;28.27;;;13.73;;
35985;SDS011;22060;55.900;37.528;2019-12-10T18:18:05;29.58;;;14.87;;
35985;SDS011;22060;55.900;37.528;2019-12-10T18:20:56;28.77;;;14.82;;
35985;SDS011;22060;55.900;37.528;2019-12-10T18:23:40;47.72;;;15.38;;
35985;SDS011;22060;55.900;37.528;2019-12-10T18:26:21;27.02;;;14.77;;
35985;SDS011;22060;55.900;37.528;2019-12-10T18:28:58;32.88;;;14.95;;
35985;SDS011;22060;55.900;37.528;2019-12-10T18:31:37;29.23;;;13.90;;
35985;SDS011;22060;55.900;37.528;2019-12-10T18:34:22;31.20;;;14.68;;
35985;SDS011;22060;55.900;37.528;2019-12-10T18:37:01;54.80;;;14.32;;
35985;SDS011;22060;55.900;37.528;2019-12-10T18:39:45;39.28;;;14.38;;
35985;SDS011;22060;55.900;37.528;2019-12-10T18:42:33;44.55;;;15.23;;
35985;SDS011;22060;55.900;37.528;2019-12-10T18:45:07;32.45;;;15.50;;
35985;SDS011;22060;55.900;37.528;2019-12-10T18:47:40;43.22;;;15.02;;
35985;SDS011;22060;55.900;37.528;2019-12-10T18:50:21;34.10;;;15.85;;
35985;SDS011;22060;55.900;37.528;2019-12-10T18:53:08;45.90;;;18.15;;
35985;SDS011;22060;55.900;37.528;2019-12-10T18:55:54;34.13;;;13.93;;
35985;SDS011;22060;55.900;37.528;2019-12-10T19:01:47;33.67;;;15.93;;
35985;SDS011;22060;55.900;37.528;2019-12-10T19:05:51;35.88;;;14.93;;
35985;SDS011;22060;55.900;37.528;2019-12-10T19:08:29;37.03;;;16.37;;
35985;SDS011;22060;55.900;37.528;2019-12-10T19:11:10;32.67;;;15.13;;
35985;SDS011;22060;55.900;37.528;2019-12-10T19:13:55;42.17;;;15.07;;
35985;SDS011;22060;55.900;37.528;2019-12-10T19:16:33;40.75;;;16.35;;
35985;SDS011;22060;55.900;37.528;2019-12-10T19:19:07;33.22;;;16.23;;
35985;SDS011;22060;55.900;37.528;2019-12-10T19:21:47;43.08;;;15.95;;
35985;SDS011;22060;55.900;37.528;2019-12-10T19:24:34;68.25;;;15.70;;
35985;SDS011;22060;55.900;37.528;2019-12-10T19:27:14;49.58;;;15.88;;
35985;SDS011;22060;55.900;37.528;2019-12-10T19:30:02;43.40;;;15.15;;
35985;SDS011;22060;55.900;37.528;2019-12-10T19:32:37;44.47;;;16.00;;
35985;SDS011;22060;55.900;37.528;2019-12-10T19:36:55;35.53;;;14.90;;
35985;SDS011;22060;55.900;37.528;2019-12-10T19:39:36;38.33;;;15.98;;
35985;SDS011;22060;55.900;37.528;2019-12-10T19:42:36;42.25;;;14.90;;
35985;SDS011;22060;55.900;37.528;2019-12-10T19:45:11;34.97;;;15.90;;
35985;SDS011;22060;55.900;37.528;2019-12-10T19:47:59;49.58;;;16.20;;
35985;SDS011;22060;55.900;37.528;2019-12-10T19:50:35;33.90;;;15.00;;
35985;SDS011;22060;55.900;37.528;2019-12-10T19:53:11;34.55;;;15.60;;
35985;SDS011;22060;55.900;37.528;2019-12-10T19:55:47;42.80;;;15.40;;
35985;SDS011;22060;55.900;37.528;2019-12-10T20:01:14;45.75;;;14.73;;
35985;SDS011;22060;55.900;37.528;2019-12-10T20:03:58;59.90;;;14.38;;
35985;SDS011;22060;55.900;37.528;2019-12-10T20:06:40;45.40;;;14.32;;
35985;SDS011;22060;55.900;37.528;2019-12-10T20:09:29;46.15;;;14.05;;
35985;SDS011;22060;55.900;37.528;2019-12-10T20:12:15;50.67;;;14.30;;
35985;SDS011;22060;55.900;37.528;2019-12-10T20:14:50;44.00;;;13.90;;
35985;SDS011;22060;55.900;37.528;2019-12-10T20:17:56;41.53;;;13.80;;
35985;SDS011;22060;55.900;37.528;2019-12-10T20:23:45;26.08;;;14.55;;
35985;SDS011;22060;55.900;37.528;2019-12-10T20:26:24;33.53;;;14.55;;
35985;SDS011;22060;55.900;37.528;2019-12-10T20:29:06;44.33;;;14.68;;
35985;SDS011;22060;55.900;37.528;2019-12-10T20:31:47;52.33;;;13.62;;
35985;SDS011;22060;55.900;37.528;2019-12-10T20:34:26;40.10;;;14.87;;
35985;SDS011;22060;55.900;37.528;2019-12-10T20:37:06;43.47;;;14.77;;
35985;SDS011;22060;55.900;37.528;2019-12-10T20:39:44;36.08;;;14.15;;
35985;SDS011;22060;55.900;37.528;2019-12-10T20:42:38;35.22;;;14.05;;
35985;SDS011;22060;55.900;37.528;2019-12-10T20:45:14;27.05;;;13.80;;
35985;SDS011;22060;55.900;37.528;2019-12-10T20:47:52;32.90;;;13.85;;
35985;SDS011;22060;55.900;37.528;2019-12-10T20:50:30;37.40;;;14.38;;
35985;SDS011;22060;55.900;37.528;2019-12-10T20:53:09;35.05;;;13.85;;
35985;SDS011;22060;55.900;37.528;2019-12-10T20:58:40;26.95;;;13.77;;
35985;SDS011;22060;55.900;37.528;2019-12-10T21:01:13;29.48;;;13.02;;
35985;SDS011;22060;55.900;37.528;2019-12-10T21:04:16;33.50;;;13.20;;
35985;SDS011;22060;55.900;37.528;2019-12-10T21:07:05;27.75;;;12.60;;
35985;SDS011;22060;55.900;37.528;2019-12-10T21:09:57;33.70;;;14.10;;
35985;SDS011;22060;55.900;37.528;2019-12-10T21:12:50;71.97;;;14.68;;
35985;SDS011;22060;55.900;37.528;2019-12-10T21:15:55;31.50;;;13.88;;
35985;SDS011;22060;55.900;37.528;2019-12-10T21:18:48;33.70;;;13.50;;
35985;SDS011;22060;55.900;37.528;2019-12-10T21:24:01;30.62;;;12.90;;
35985;SDS011;22060;55.900;37.528;2019-12-10T21:26:36;38.70;;;13.90;;
35985;SDS011;22060;55.900;37.528;2019-12-10T21:29:14;46.08;;;13.98;;
35985;SDS011;22060;55.900;37.528;2019-12-10T21:31:50;52.17;;;14.35;;
35985;SDS011;22060;55.900;37.528;2019-12-10T21:34:26;57.05;;;12.77;;
35985;SDS011;22060;55.900;37.528;2019-12-10T21:37:01;60.95;;;13.80;;
35985;SDS011;22060;55.900;37.528;2019-12-10T21:39:44;43.72;;;14.30;;
35985;SDS011;22060;55.900;37.528;2019-12-10T21:42:17;37.65;;;13.98;;
35985;SDS011;22060;55.900;37.528;2019-12-10T21:45:37;31.98;;;13.25;;
35985;SDS011;22060;55.900;37.528;2019-12-10T21:48:35;45.65;;;13.55;;
35985;SDS011;22060;55.900;37.528;2019-12-10T21:51:13;31.08;;;12.93;;
35985;SDS011;22060;55.900;37.528;2019-12-10T21:53:49;43.92;;;14.35;;
35985;SDS011;22060;55.900;37.528;2019-12-10T21:56:28;32.05;;;15.00;;
35985;SDS011;22060;55.900;37.528;2019-12-10T21:59:09;39.78;;;15.88;;
35985;SDS011;22060;55.900;37.528;2019-12-10T22:01:51;46.67;;;14.65;;
35985;SDS011;22060;55.900;37.528;2019-12-10T22:04:45;34.80;;;13.85;;
35985;SDS011;22060;55.900;37.528;2019-12-10T22:07:21;29.27;;;13.13;;
35985;SDS011;22060;55.900;37.528;2019-12-10T22:09:57;30.67;;;13.85;;
35985;SDS011;22060;55.900;37.528;2019-12-10T22:12:36;28.55;;;12.82;;
35985;SDS011;22060;55.900;37.528;2019-12-10T22:15:14;28.25;;;12.82;;
35985;SDS011;22060;55.900;37.528;2019-12-10T22:25:05;22.65;;;11.12;;
35985;SDS011;22060;55.900;37.528;2019-12-10T22:27:51;27.33;;;12.82;;
35985;SDS011;22060;55.900;37.528;2019-12-10T22:30:28;18.17;;;11.30;;
35985;SDS011;22060;55.900;37.528;2019-12-10T22:33:07;21.35;;;12.93;;
35985;SDS011;22060;55.900;37.528;2019-12-10T22:35:46;19.48;;;11.73;;
35985;SDS011;22060;55.900;37.528;2019-12-10T22:38:38;18.60;;;11.57;;
35985;SDS011;22060;55.900;37.528;2019-12-10T22:41:27;26.73;;;12.27;;
35985;SDS011;22060;55.900;37.528;2019-12-10T22:44:09;22.17;;;11.35;;
35985;SDS011;22060;55.900;37.528;2019-12-10T22:46:55;20.17;;;11.85;;
35985;SDS011;22060;55.900;37.528;2019-12-10T22:49:40;23.45;;;11.45;;
35985;SDS011;22060;55.900;37.528;2019-12-10T22:52:32;22.25;;;12.98;;
35985;SDS011;22060;55.900;37.528;2019-12-10T22:55:22;18.67;;;11.50;;
35985;SDS011;22060;55.900;37.528;2019-12-10T22:58:07;17.75;;;11.00;;
35985;SDS011;22060;55.900;37.528;2019-12-10T23:00:54;20.48;;;12.63;;
35985;SDS011;22060;55.900;37.528;2019-12-10T23:03:52;19.70;;;11.77;;
35985;SDS011;22060;55.900;37.528;2019-12-10T23:06:44;20.42;;;11.35;;
35985;SDS011;22060;55.900;37.528;2019-12-10T23:09:41;22.58;;;11.30;;
35985;SDS011;22060;55.900;37.528;2019-12-10T23:15:57;19.05;;;11.75;;
35985;SDS011;22060;55.900;37.528;2019-12-10T23:20:02;18.70;;;11.52;;
35985;SDS011;22060;55.900;37.528;2019-12-10T23:22:52;19.05;;;11.38;;
35985;SDS011;22060;55.900;37.528;2019-12-10T23:25:46;21.98;;;12.32;;
35985;SDS011;22060;55.900;37.528;2019-12-10T23:28:34;21.27;;;11.65;;
35985;SDS011;22060;55.900;37.528;2019-12-10T23:31:19;19.65;;;11.63;;
35985;SDS011;22060;55.900;37.528;2019-12-10T23:34:02;19.67;;;12.15;;
35985;SDS011;22060;55.900;37.528;2019-12-10T23:36:45;19.85;;;11.90;;
35985;SDS011;22060;55.900;37.528;2019-12-10T23:39:39;21.50;;;12.90;;
35985;SDS011;22060;55.900;37.528;2019-12-10T23:42:16;19.98;;;11.15;;
35985;SDS011;22060;55.900;37.528;2019-12-10T23:44:53;18.60;;;11.85;;
35985;SDS011;22060;55.900;37.528;2019-12-10T23:47:34;19.42;;;11.90;;
35985;SDS011;22060;55.900;37.528;2019-12-10T23:50:21;18.10;;;11.48;;
35985;SDS011;22060;55.900;37.528;2019-12-10T23:53:03;17.50;;;10.85;;
35985;SDS011;22060;55.900;37.528;2019-12-10T23:55:45;19.12;;;11.70;;
35985;SDS011;22060;55.900;37.528;2019-12-10T23:58:20;20.12;;;12.57;;
