sensor_id;sensor_type;location;lat;lon;timestamp;pressure;altitude;pressure_sealevel;temperature;humidity
35619;BME280;21743;55.786;37.168;2019-12-04T12:25:14;98920.47;;;23.14;25.61
35619;BME280;21743;55.786;37.168;2019-12-04T12:27:42;98916.78;;;23.15;25.52
35619;BME280;21743;55.786;37.168;2019-12-04T12:30:12;98908.84;;;22.15;24.68
35619;BME280;21743;55.786;37.168;2019-12-04T12:32:42;98912.19;;;20.37;25.62
35619;BME280;21743;55.786;37.168;2019-12-04T12:35:11;98916.47;;;20.08;26.76
35619;BME280;21743;55.786;37.168;2019-12-04T12:25:14;98920.47;;;23.14;25.61
35619;BME280;21743;55.786;37.168;2019-12-04T12:27:42;98916.78;;;23.15;25.52
35619;BME280;21743;55.786;37.168;2019-12-04T12:30:12;98908.84;;;22.15;24.68
35619;BME280;21743;55.786;37.168;2019-12-04T12:32:42;98912.19;;;20.37;25.62
35619;BME280;21743;55.786;37.168;2019-12-04T12:35:11;98916.47;;;20.08;26.76
35619;BME280;21743;55.786;37.168;2019-12-04T12:25:14;98920.47;;;23.14;25.61
35619;BME280;21743;55.786;37.168;2019-12-04T12:27:42;98916.78;;;23.15;25.52
35619;BME280;21743;55.786;37.168;2019-12-04T12:30:12;98908.84;;;22.15;24.68
35619;BME280;21743;55.786;37.168;2019-12-04T12:32:42;98912.19;;;20.37;25.62
35619;BME280;21743;55.786;37.168;2019-12-04T12:35:11;98916.47;;;20.08;26.76
