sensor_id;sensor_type;location;lat;lon;timestamp;pressure;altitude;pressure_sealevel;temperature;humidity
35694;BME280;21812;55.536;37.664;2019-12-05T13:42:40;98974.00;;;21.63;29.62
35694;BME280;21812;55.536;37.664;2019-12-05T13:45:06;98965.00;;;22.14;29.24
35694;BME280;21812;55.536;37.664;2019-12-05T13:47:37;98973.00;;;22.52;29.24
35694;BME280;21812;55.536;37.664;2019-12-05T13:50:08;98962.00;;;22.79;28.03
35694;BME280;21812;55.536;37.664;2019-12-05T13:52:38;98960.00;;;22.97;27.63
35694;BME280;21812;55.536;37.664;2019-12-08T11:54:06;98318.00;;;10.01;40.23
35694;BME280;21812;55.536;37.664;2019-12-08T11:56:37;98330.00;;;8.18;44.62
35694;BME280;21812;55.536;37.664;2019-12-08T11:59:06;98348.00;;;7.16;47.59
35694;BME280;21812;55.536;37.664;2019-12-08T12:01:36;98352.00;;;6.22;50.40
35694;BME280;21812;55.536;37.664;2019-12-08T12:04:05;98349.00;;;5.51;52.33
35694;BME280;21812;55.536;37.664;2019-12-08T12:06:38;98342.00;;;4.98;54.54
35694;BME280;21812;55.536;37.664;2019-12-08T12:09:11;98347.00;;;4.61;55.15
35694;BME280;21812;55.536;37.664;2019-12-08T12:11:42;98362.00;;;4.44;56.11
35694;BME280;21812;55.536;37.664;2019-12-08T12:14:14;98374.00;;;4.24;57.22
35694;BME280;21812;55.536;37.664;2019-12-08T12:16:50;98376.00;;;4.07;58.06
35694;BME280;21812;55.536;37.664;2019-12-08T12:19:22;98373.00;;;3.93;59.03
35694;BME280;21812;55.536;37.664;2019-12-08T12:21:51;98372.00;;;3.81;59.21
35694;BME280;21812;55.536;37.664;2019-12-08T12:24:23;98381.00;;;3.75;59.92
35694;BME280;21812;55.536;37.664;2019-12-08T12:26:54;98385.00;;;3.74;60.21
35694;BME280;21812;55.536;37.664;2019-12-08T12:29:26;98381.00;;;3.65;60.71
35694;BME280;21812;55.536;37.664;2019-12-08T12:31:55;98386.00;;;3.48;61.36
35694;BME280;21812;55.536;37.664;2019-12-08T12:34:24;98401.00;;;3.46;61.78
35694;BME280;21812;55.536;37.664;2019-12-08T12:36:54;98404.00;;;3.48;61.93
35694;BME280;21812;55.536;37.664;2019-12-08T12:39:23;98411.00;;;3.48;62.25
35694;BME280;21812;55.536;37.664;2019-12-08T12:41:53;98409.00;;;3.48;62.32
35694;BME280;21812;55.536;37.664;2019-12-08T12:44:22;98410.00;;;3.50;61.92
35694;BME280;21812;55.536;37.664;2019-12-08T12:46:53;98418.00;;;3.49;62.45
35694;BME280;21812;55.536;37.664;2019-12-08T12:49:35;98426.00;;;3.42;62.80
35694;BME280;21812;55.536;37.664;2019-12-08T12:52:12;98418.00;;;3.39;62.82
35694;BME280;21812;55.536;37.664;2019-12-08T12:54:43;98419.00;;;3.36;63.16
35694;BME280;21812;55.536;37.664;2019-12-08T12:57:50;98428.00;;;3.39;63.43
35694;BME280;21812;55.536;37.664;2019-12-08T13:00:28;98435.00;;;3.36;63.56
35694;BME280;21812;55.536;37.664;2019-12-08T13:03:01;98424.00;;;3.36;63.53
35694;BME280;21812;55.536;37.664;2019-12-08T13:05:32;98435.00;;;3.37;63.73
35694;BME280;21812;55.536;37.664;2019-12-08T13:08:01;98432.00;;;3.35;63.74
35694;BME280;21812;55.536;37.664;2019-12-08T13:10:30;98434.00;;;3.31;64.01
35694;BME280;21812;55.536;37.664;2019-12-08T13:12:59;98435.00;;;3.35;64.08
35694;BME280;21812;55.536;37.664;2019-12-08T13:15:31;98425.00;;;3.31;64.14
35694;BME280;21812;55.536;37.664;2019-12-08T13:18:01;98443.00;;;3.36;64.34
35694;BME280;21812;55.536;37.664;2019-12-08T13:20:32;98438.00;;;3.31;64.35
35694;BME280;21812;55.536;37.664;2019-12-08T13:23:08;98441.00;;;3.32;64.50
35694;BME280;21812;55.536;37.664;2019-12-08T13:25:39;98442.00;;;3.27;64.72
35694;BME280;21812;55.536;37.664;2019-12-08T13:28:15;98446.00;;;3.27;64.61
35694;BME280;21812;55.536;37.664;2019-12-08T13:30:50;98448.00;;;3.23;64.84
35694;BME280;21812;55.536;37.664;2019-12-08T13:33:22;98451.00;;;3.20;64.92
35694;BME280;21812;55.536;37.664;2019-12-08T13:35:55;98451.00;;;3.20;64.97
35694;BME280;21812;55.536;37.664;2019-12-08T13:40:26;98461.00;;;3.23;64.94
35694;BME280;21812;55.536;37.664;2019-12-08T13:42:56;98464.00;;;3.21;64.93
35694;BME280;21812;55.536;37.664;2019-12-08T13:45:25;98475.00;;;3.25;65.03
35694;BME280;21812;55.536;37.664;2019-12-08T13:47:54;98473.00;;;3.25;65.12
35694;BME280;21812;55.536;37.664;2019-12-08T13:50:25;98474.00;;;3.28;65.17
35694;BME280;21812;55.536;37.664;2019-12-08T13:52:56;98477.00;;;3.33;65.20
35694;BME280;21812;55.536;37.664;2019-12-08T13:55:29;98482.00;;;3.34;65.03
35694;BME280;21812;55.536;37.664;2019-12-08T13:57:59;98478.00;;;3.30;64.85
35694;BME280;21812;55.536;37.664;2019-12-08T14:00:31;98498.00;;;3.31;65.21
35694;BME280;21812;55.536;37.664;2019-12-08T14:03:04;98482.00;;;3.29;65.12
35694;BME280;21812;55.536;37.664;2019-12-08T14:05:33;98508.00;;;3.29;65.27
35694;BME280;21812;55.536;37.664;2019-12-08T14:08:02;98501.00;;;3.28;65.31
35694;BME280;21812;55.536;37.664;2019-12-08T14:10:31;98488.00;;;3.31;65.25
35694;BME280;21812;55.536;37.664;2019-12-08T14:13:03;98508.00;;;3.34;65.30
35694;BME280;21812;55.536;37.664;2019-12-08T14:15:37;98512.00;;;3.33;65.33
35694;BME280;21812;55.536;37.664;2019-12-08T14:18:06;98522.00;;;3.28;65.52
35694;BME280;21812;55.536;37.664;2019-12-08T14:20:35;98512.00;;;3.28;65.48
35694;BME280;21812;55.536;37.664;2019-12-08T14:23:05;98524.00;;;3.29;65.59
35694;BME280;21812;55.536;37.664;2019-12-08T14:25:37;98536.00;;;3.30;65.47
35694;BME280;21812;55.536;37.664;2019-12-08T14:28:11;98519.00;;;3.33;65.46
35694;BME280;21812;55.536;37.664;2019-12-08T14:30:41;98535.00;;;3.36;65.31
35694;BME280;21812;55.536;37.664;2019-12-08T14:33:10;98536.00;;;3.40;65.15
35694;BME280;21812;55.536;37.664;2019-12-08T14:35:41;98519.00;;;3.41;64.98
35694;BME280;21812;55.536;37.664;2019-12-08T14:38:16;98535.00;;;3.43;65.09
35694;BME280;21812;55.536;37.664;2019-12-08T14:40:45;98560.00;;;3.42;65.12
35694;BME280;21812;55.536;37.664;2019-12-08T14:43:14;98566.00;;;3.37;65.26
35694;BME280;21812;55.536;37.664;2019-12-08T14:45:45;98558.00;;;3.34;65.42
35694;BME280;21812;55.536;37.664;2019-12-08T14:48:16;98572.00;;;3.31;65.54
35694;BME280;21812;55.536;37.664;2019-12-08T14:50:46;98569.00;;;3.32;65.51
35694;BME280;21812;55.536;37.664;2019-12-08T14:53:16;98572.00;;;3.40;65.36
35694;BME280;21812;55.536;37.664;2019-12-08T14:55:48;98584.00;;;3.42;65.23
35694;BME280;21812;55.536;37.664;2019-12-08T14:58:20;98592.00;;;3.45;65.07
35694;BME280;21812;55.536;37.664;2019-12-08T15:00:53;98584.00;;;3.47;65.14
35694;BME280;21812;55.536;37.664;2019-12-08T15:03:22;98596.00;;;3.45;65.09
35694;BME280;21812;55.536;37.664;2019-12-08T15:05:55;98594.00;;;3.46;65.22
35694;BME280;21812;55.536;37.664;2019-12-08T15:08:24;98597.00;;;3.45;65.11
35694;BME280;21812;55.536;37.664;2019-12-08T15:11:04;98607.00;;;3.45;65.34
35694;BME280;21812;55.536;37.664;2019-12-08T15:13:35;98610.00;;;3.37;65.52
35694;BME280;21812;55.536;37.664;2019-12-08T15:16:04;98614.00;;;3.33;65.74
35694;BME280;21812;55.536;37.664;2019-12-08T15:18:35;98613.00;;;3.29;66.00
35694;BME280;21812;55.536;37.664;2019-12-08T15:21:10;98629.00;;;3.32;65.98
35694;BME280;21812;55.536;37.664;2019-12-08T15:23:39;98628.00;;;3.33;66.01
35694;BME280;21812;55.536;37.664;2019-12-08T15:26:16;98626.00;;;3.37;65.96
35694;BME280;21812;55.536;37.664;2019-12-08T15:28:47;98635.00;;;3.39;65.88
35694;BME280;21812;55.536;37.664;2019-12-08T15:31:21;98621.00;;;3.33;66.12
35694;BME280;21812;55.536;37.664;2019-12-08T15:33:54;98628.00;;;3.33;66.39
35694;BME280;21812;55.536;37.664;2019-12-08T15:36:24;98640.00;;;3.29;66.57
35694;BME280;21812;55.536;37.664;2019-12-08T15:38:54;98636.00;;;3.31;66.66
35694;BME280;21812;55.536;37.664;2019-12-08T15:41:28;98639.00;;;3.32;66.72
35694;BME280;21812;55.536;37.664;2019-12-08T15:43:59;98643.00;;;3.31;66.86
35694;BME280;21812;55.536;37.664;2019-12-08T15:46:29;98649.00;;;3.25;67.24
35694;BME280;21812;55.536;37.664;2019-12-08T15:48:59;98650.00;;;3.25;67.42
35694;BME280;21812;55.536;37.664;2019-12-08T15:51:28;98666.00;;;3.26;67.54
35694;BME280;21812;55.536;37.664;2019-12-08T15:54:18;98664.00;;;3.24;67.76
35694;BME280;21812;55.536;37.664;2019-12-08T15:56:54;98671.00;;;3.27;67.68
35694;BME280;21812;55.536;37.664;2019-12-08T15:59:27;98662.00;;;3.20;67.95
35694;BME280;21812;55.536;37.664;2019-12-08T16:02:02;98664.00;;;3.16;67.94
35694;BME280;21812;55.536;37.664;2019-12-08T16:04:34;98683.00;;;3.25;67.81
35694;BME280;21812;55.536;37.664;2019-12-08T16:07:04;98679.00;;;3.25;67.87
35694;BME280;21812;55.536;37.664;2019-12-08T16:09:37;98680.00;;;3.25;67.94
35694;BME280;21812;55.536;37.664;2019-12-08T16:12:09;98684.00;;;3.21;68.21
35694;BME280;21812;55.536;37.664;2019-12-08T16:14:42;98680.00;;;3.20;68.24
35694;BME280;21812;55.536;37.664;2019-12-08T16:17:12;98692.00;;;3.19;68.09
35694;BME280;21812;55.536;37.664;2019-12-08T16:19:44;98679.00;;;3.07;68.30
35694;BME280;21812;55.536;37.664;2019-12-08T16:22:16;98672.00;;;3.03;68.45
35694;BME280;21812;55.536;37.664;2019-12-08T16:24:46;98697.00;;;3.16;68.39
35694;BME280;21812;55.536;37.664;2019-12-08T16:27:20;98695.00;;;3.18;68.42
35694;BME280;21812;55.536;37.664;2019-12-08T16:29:56;98698.00;;;3.21;68.30
35694;BME280;21812;55.536;37.664;2019-12-08T16:32:25;98691.00;;;3.28;68.11
35694;BME280;21812;55.536;37.664;2019-12-08T16:34:55;98693.00;;;3.28;67.85
35694;BME280;21812;55.536;37.664;2019-12-08T16:37:25;98701.00;;;3.24;67.89
35694;BME280;21812;55.536;37.664;2019-12-08T16:39:54;98714.00;;;3.19;67.99
35694;BME280;21812;55.536;37.664;2019-12-08T16:42:23;98708.00;;;3.22;67.99
35694;BME280;21812;55.536;37.664;2019-12-08T16:44:53;98706.00;;;3.29;67.71
35694;BME280;21812;55.536;37.664;2019-12-08T16:47:22;98722.00;;;3.35;67.48
35694;BME280;21812;55.536;37.664;2019-12-08T16:49:51;98714.00;;;3.38;67.36
35694;BME280;21812;55.536;37.664;2019-12-08T16:52:20;98719.00;;;3.34;67.27
35694;BME280;21812;55.536;37.664;2019-12-08T16:54:50;98719.00;;;3.34;67.32
35694;BME280;21812;55.536;37.664;2019-12-08T16:57:19;98717.00;;;3.28;67.43
35694;BME280;21812;55.536;37.664;2019-12-08T16:59:49;98722.00;;;3.28;67.46
35694;BME280;21812;55.536;37.664;2019-12-08T17:02:18;98723.00;;;3.28;67.40
35694;BME280;21812;55.536;37.664;2019-12-08T17:04:58;98736.00;;;3.30;67.30
35694;BME280;21812;55.536;37.664;2019-12-08T17:07:30;98726.00;;;3.30;67.28
35694;BME280;21812;55.536;37.664;2019-12-08T17:10:04;98728.00;;;3.25;67.33
35694;BME280;21812;55.536;37.664;2019-12-08T17:12:34;98732.00;;;3.24;67.34
35694;BME280;21812;55.536;37.664;2019-12-08T17:15:04;98729.00;;;3.19;67.32
35694;BME280;21812;55.536;37.664;2019-12-08T17:17:34;98742.00;;;3.21;67.32
35694;BME280;21812;55.536;37.664;2019-12-08T17:20:04;98755.00;;;3.20;67.33
35694;BME280;21812;55.536;37.664;2019-12-08T17:22:36;98747.00;;;3.19;67.33
35694;BME280;21812;55.536;37.664;2019-12-08T17:25:09;98753.00;;;3.21;67.26
35694;BME280;21812;55.536;37.664;2019-12-08T17:27:38;98755.00;;;3.19;67.28
35694;BME280;21812;55.536;37.664;2019-12-08T17:30:07;98748.00;;;3.12;67.35
35694;BME280;21812;55.536;37.664;2019-12-08T17:32:36;98750.00;;;3.07;67.33
35694;BME280;21812;55.536;37.664;2019-12-08T17:35:05;98758.00;;;3.14;67.35
35694;BME280;21812;55.536;37.664;2019-12-08T17:37:34;98760.00;;;3.17;67.36
35694;BME280;21812;55.536;37.664;2019-12-08T17:40:04;98764.00;;;3.21;67.28
35694;BME280;21812;55.536;37.664;2019-12-08T17:42:33;98759.00;;;3.28;67.03
35694;BME280;21812;55.536;37.664;2019-12-08T17:45:02;98762.00;;;3.31;66.72
35694;BME280;21812;55.536;37.664;2019-12-08T17:47:31;98771.00;;;3.28;66.79
35694;BME280;21812;55.536;37.664;2019-12-08T17:50:01;98772.00;;;3.26;66.71
35694;BME280;21812;55.536;37.664;2019-12-08T17:52:30;98772.00;;;3.28;66.65
35694;BME280;21812;55.536;37.664;2019-12-08T17:54:59;98770.00;;;3.23;66.47
35694;BME280;21812;55.536;37.664;2019-12-08T17:57:35;98772.00;;;3.11;66.60
35694;BME280;21812;55.536;37.664;2019-12-08T18:00:10;98774.00;;;3.17;66.67
35694;BME280;21812;55.536;37.664;2019-12-08T18:02:39;98780.00;;;3.15;66.69
35694;BME280;21812;55.536;37.664;2019-12-08T18:05:20;98766.00;;;3.16;66.77
35694;BME280;21812;55.536;37.664;2019-12-08T18:07:53;98772.00;;;3.20;66.66
35694;BME280;21812;55.536;37.664;2019-12-08T18:10:22;98776.00;;;3.20;66.37
35694;BME280;21812;55.536;37.664;2019-12-08T18:12:52;98770.00;;;3.15;66.37
35694;BME280;21812;55.536;37.664;2019-12-08T18:15:21;98768.00;;;3.10;66.44
35694;BME280;21812;55.536;37.664;2019-12-08T18:20:32;98769.00;;;3.04;66.54
35694;BME280;21812;55.536;37.664;2019-12-08T18:23:18;98780.00;;;4.23;75.18
35694;BME280;21812;55.536;37.664;2019-12-08T18:29:21;98763.00;;;5.05;64.12
35694;BME280;21812;55.536;37.664;2019-12-08T18:31:53;98784.00;;;4.52;62.46
35694;BME280;21812;55.536;37.664;2019-12-08T18:34:27;98789.00;;;4.20;62.48
35694;BME280;21812;55.536;37.664;2019-12-08T18:36:57;98791.00;;;3.95;63.01
35694;BME280;21812;55.536;37.664;2019-12-08T18:39:28;98792.00;;;3.73;63.05
35694;BME280;21812;55.536;37.664;2019-12-08T18:41:57;98794.00;;;3.55;63.56
35694;BME280;21812;55.536;37.664;2019-12-08T18:44:26;98787.00;;;3.51;63.67
35694;BME280;21812;55.536;37.664;2019-12-08T18:46:55;98797.00;;;3.51;63.45
35694;BME280;21812;55.536;37.664;2019-12-08T18:49:23;98798.00;;;3.42;63.58
35694;BME280;21812;55.536;37.664;2019-12-08T18:51:53;98804.00;;;3.36;63.58
35694;BME280;21812;55.536;37.664;2019-12-08T18:54:22;98803.00;;;3.42;63.50
35694;BME280;21812;55.536;37.664;2019-12-08T18:56:52;98811.00;;;3.37;63.50
35694;BME280;21812;55.536;37.664;2019-12-08T18:59:25;98802.00;;;3.35;63.58
35694;BME280;21812;55.536;37.664;2019-12-08T19:01:58;98809.00;;;3.31;63.74
35694;BME280;21812;55.536;37.664;2019-12-08T19:04:27;98801.00;;;3.31;63.67
35694;BME280;21812;55.536;37.664;2019-12-08T19:06:56;98802.00;;;3.35;63.67
35694;BME280;21812;55.536;37.664;2019-12-08T19:09:27;98814.00;;;3.39;63.55
35694;BME280;21812;55.536;37.664;2019-12-08T19:11:56;98809.00;;;3.39;63.43
35694;BME280;21812;55.536;37.664;2019-12-08T19:14:25;98810.00;;;3.38;63.52
35694;BME280;21812;55.536;37.664;2019-12-08T19:16:57;98808.00;;;3.47;63.37
35694;BME280;21812;55.536;37.664;2019-12-08T19:19:29;98802.00;;;3.51;63.16
35694;BME280;21812;55.536;37.664;2019-12-08T19:22:02;98800.00;;;3.51;63.01
35694;BME280;21812;55.536;37.664;2019-12-08T19:24:32;98804.00;;;3.49;63.10
35694;BME280;21812;55.536;37.664;2019-12-08T19:27:03;98777.00;;;3.27;63.27
35694;BME280;21812;55.536;37.664;2019-12-08T19:29:33;98812.00;;;3.31;63.55
35694;BME280;21812;55.536;37.664;2019-12-08T19:32:06;98808.00;;;3.25;63.75
35694;BME280;21812;55.536;37.664;2019-12-08T19:34:39;98812.00;;;3.23;63.78
35694;BME280;21812;55.536;37.664;2019-12-08T19:37:08;98810.00;;;3.30;63.65
35694;BME280;21812;55.536;37.664;2019-12-08T19:39:42;98808.00;;;3.35;63.42
35694;BME280;21812;55.536;37.664;2019-12-08T19:42:18;98808.00;;;3.35;63.40
35694;BME280;21812;55.536;37.664;2019-12-08T19:44:47;98805.00;;;3.37;63.48
35694;BME280;21812;55.536;37.664;2019-12-08T19:47:18;98812.00;;;3.39;63.38
35694;BME280;21812;55.536;37.664;2019-12-08T19:49:46;98812.00;;;3.38;63.35
35694;BME280;21812;55.536;37.664;2019-12-08T19:52:17;98814.00;;;3.42;63.32
35694;BME280;21812;55.536;37.664;2019-12-08T19:54:47;98805.00;;;3.43;63.28
35694;BME280;21812;55.536;37.664;2019-12-08T19:57:24;98795.00;;;3.44;63.46
35694;BME280;21812;55.536;37.664;2019-12-08T19:59:57;98798.00;;;3.44;63.28
35694;BME280;21812;55.536;37.664;2019-12-08T20:09:14;98799.00;;;3.46;63.23
35694;BME280;21812;55.536;37.664;2019-12-08T20:12:18;98809.00;;;3.34;63.14
35694;BME280;21812;55.536;37.664;2019-12-08T20:14:52;98800.00;;;3.37;63.07
35694;BME280;21812;55.536;37.664;2019-12-08T20:17:25;98806.00;;;3.39;62.96
35694;BME280;21812;55.536;37.664;2019-12-08T20:19:57;98794.00;;;3.36;63.05
35694;BME280;21812;55.536;37.664;2019-12-08T20:22:26;98789.00;;;3.27;63.05
35694;BME280;21812;55.536;37.664;2019-12-08T20:24:56;98791.00;;;3.11;63.30
35694;BME280;21812;55.536;37.664;2019-12-08T20:27:26;98799.00;;;3.13;63.45
35694;BME280;21812;55.536;37.664;2019-12-08T20:29:55;98798.00;;;3.22;63.30
35694;BME280;21812;55.536;37.664;2019-12-08T20:32:24;98808.00;;;3.29;63.04
35694;BME280;21812;55.536;37.664;2019-12-08T20:34:53;98807.00;;;3.38;62.84
35694;BME280;21812;55.536;37.664;2019-12-08T20:37:23;98805.00;;;3.40;62.55
35694;BME280;21812;55.536;37.664;2019-12-08T20:39:58;98809.00;;;3.36;62.53
35694;BME280;21812;55.536;37.664;2019-12-08T20:42:33;98811.00;;;3.26;62.20
35694;BME280;21812;55.536;37.664;2019-12-08T20:45:04;98818.00;;;3.28;61.82
35694;BME280;21812;55.536;37.664;2019-12-08T20:47:33;98806.00;;;3.31;61.05
35694;BME280;21812;55.536;37.664;2019-12-08T20:50:03;98818.00;;;3.27;61.08
35694;BME280;21812;55.536;37.664;2019-12-08T20:52:31;98810.00;;;3.27;61.02
35694;BME280;21812;55.536;37.664;2019-12-08T20:55:01;98811.00;;;3.30;60.95
35694;BME280;21812;55.536;37.664;2019-12-08T20:57:32;98796.00;;;3.31;60.59
35694;BME280;21812;55.536;37.664;2019-12-08T21:00:04;98799.00;;;3.31;60.61
35694;BME280;21812;55.536;37.664;2019-12-08T21:02:36;98815.00;;;3.30;60.54
35694;BME280;21812;55.536;37.664;2019-12-08T21:05:23;98807.00;;;3.25;60.49
35694;BME280;21812;55.536;37.664;2019-12-08T21:08:10;98804.00;;;3.24;60.09
35694;BME280;21812;55.536;37.664;2019-12-08T21:10:56;98808.00;;;3.28;59.85
35694;BME280;21812;55.536;37.664;2019-12-08T21:13:40;98797.00;;;3.30;59.27
35694;BME280;21812;55.536;37.664;2019-12-08T21:16:21;98805.00;;;3.30;59.07
35694;BME280;21812;55.536;37.664;2019-12-08T21:18:50;98801.00;;;3.23;59.19
35694;BME280;21812;55.536;37.664;2019-12-08T21:21:20;98813.00;;;3.22;59.40
35694;BME280;21812;55.536;37.664;2019-12-08T21:23:54;98811.00;;;3.24;59.22
35694;BME280;21812;55.536;37.664;2019-12-08T21:26:28;98815.00;;;3.28;58.98
35694;BME280;21812;55.536;37.664;2019-12-08T21:28:58;98800.00;;;3.37;59.04
35694;BME280;21812;55.536;37.664;2019-12-08T21:31:28;98801.00;;;3.23;58.99
35694;BME280;21812;55.536;37.664;2019-12-08T21:33:58;98799.00;;;3.15;58.76
35694;BME280;21812;55.536;37.664;2019-12-08T21:36:26;98800.00;;;3.20;58.82
35694;BME280;21812;55.536;37.664;2019-12-08T21:38:56;98796.00;;;3.16;58.87
35694;BME280;21812;55.536;37.664;2019-12-08T21:41:27;98791.00;;;3.11;58.82
35694;BME280;21812;55.536;37.664;2019-12-08T21:43:59;98791.00;;;3.17;58.91
35694;BME280;21812;55.536;37.664;2019-12-08T21:46:30;98799.00;;;3.22;58.76
35694;BME280;21812;55.536;37.664;2019-12-08T21:49:02;98809.00;;;3.26;58.63
35694;BME280;21812;55.536;37.664;2019-12-08T21:51:31;98792.00;;;3.32;58.30
35694;BME280;21812;55.536;37.664;2019-12-08T21:54:00;98768.00;;;3.19;58.13
35694;BME280;21812;55.536;37.664;2019-12-08T21:56:35;98782.00;;;3.32;57.84
35694;BME280;21812;55.536;37.664;2019-12-08T21:59:05;98796.00;;;3.46;57.68
35694;BME280;21812;55.536;37.664;2019-12-08T22:01:36;98803.00;;;3.40;57.67
35694;BME280;21812;55.536;37.664;2019-12-08T22:04:07;98796.00;;;3.39;57.79
35694;BME280;21812;55.536;37.664;2019-12-08T22:06:38;98795.00;;;3.43;57.83
35694;BME280;21812;55.536;37.664;2019-12-08T22:11:44;98795.00;;;3.47;57.70
35694;BME280;21812;55.536;37.664;2019-12-08T22:14:19;98798.00;;;3.42;57.86
35694;BME280;21812;55.536;37.664;2019-12-08T22:16:48;98793.00;;;3.34;57.74
35694;BME280;21812;55.536;37.664;2019-12-08T22:19:16;98791.00;;;3.28;58.08
35694;BME280;21812;55.536;37.664;2019-12-08T22:21:50;98781.00;;;3.15;57.97
35694;BME280;21812;55.536;37.664;2019-12-08T22:24:22;98789.00;;;3.28;58.22
35694;BME280;21812;55.536;37.664;2019-12-08T22:26:52;98796.00;;;3.31;57.98
35694;BME280;21812;55.536;37.664;2019-12-08T22:29:24;98798.00;;;3.29;58.18
35694;BME280;21812;55.536;37.664;2019-12-08T22:31:55;98797.00;;;3.33;58.27
35694;BME280;21812;55.536;37.664;2019-12-08T22:34:26;98805.00;;;3.43;57.94
35694;BME280;21812;55.536;37.664;2019-12-08T22:36:58;98797.00;;;3.38;57.98
35694;BME280;21812;55.536;37.664;2019-12-08T22:39:36;98799.00;;;3.30;58.08
35694;BME280;21812;55.536;37.664;2019-12-08T22:42:08;98797.00;;;3.41;57.91
35694;BME280;21812;55.536;37.664;2019-12-08T22:44:38;98800.00;;;3.37;57.98
35694;BME280;21812;55.536;37.664;2019-12-08T22:47:15;98799.00;;;3.36;58.09
35694;BME280;21812;55.536;37.664;2019-12-08T22:49:48;98793.00;;;3.36;58.09
35694;BME280;21812;55.536;37.664;2019-12-08T22:52:21;98791.00;;;3.33;57.97
35694;BME280;21812;55.536;37.664;2019-12-08T22:54:55;98780.00;;;3.34;57.92
35694;BME280;21812;55.536;37.664;2019-12-08T22:57:30;98774.00;;;3.29;57.94
35694;BME280;21812;55.536;37.664;2019-12-08T23:00:07;98770.00;;;3.25;58.01
35694;BME280;21812;55.536;37.664;2019-12-08T23:02:45;98763.00;;;3.22;58.20
35694;BME280;21812;55.536;37.664;2019-12-08T23:05:18;98768.00;;;3.13;58.40
35694;BME280;21812;55.536;37.664;2019-12-08T23:07:52;98761.00;;;3.04;58.66
35694;BME280;21812;55.536;37.664;2019-12-08T23:10:24;98758.00;;;2.99;58.82
35694;BME280;21812;55.536;37.664;2019-12-08T23:12:54;98753.00;;;3.04;58.77
35694;BME280;21812;55.536;37.664;2019-12-08T23:15:24;98751.00;;;2.97;58.82
35694;BME280;21812;55.536;37.664;2019-12-08T23:18:03;98759.00;;;2.98;58.94
35694;BME280;21812;55.536;37.664;2019-12-08T23:20:44;98760.00;;;3.01;58.74
35694;BME280;21812;55.536;37.664;2019-12-08T23:23:24;98755.00;;;3.02;58.83
35694;BME280;21812;55.536;37.664;2019-12-08T23:26:04;98768.00;;;3.01;58.78
35694;BME280;21812;55.536;37.664;2019-12-08T23:28:40;98772.00;;;2.94;58.99
35694;BME280;21812;55.536;37.664;2019-12-08T23:31:19;98778.00;;;2.97;58.91
35694;BME280;21812;55.536;37.664;2019-12-08T23:33:53;98781.00;;;3.02;58.88
35694;BME280;21812;55.536;37.664;2019-12-08T23:36:25;98793.00;;;3.06;58.81
35694;BME280;21812;55.536;37.664;2019-12-08T23:38:57;98788.00;;;3.03;58.80
35694;BME280;21812;55.536;37.664;2019-12-08T23:41:31;98780.00;;;3.05;58.85
35694;BME280;21812;55.536;37.664;2019-12-08T23:44:05;98775.00;;;3.11;58.74
35694;BME280;21812;55.536;37.664;2019-12-08T23:47:56;98782.00;;;3.09;58.78
35694;BME280;21812;55.536;37.664;2019-12-08T23:50:38;98775.00;;;3.00;59.14
35694;BME280;21812;55.536;37.664;2019-12-08T23:59:56;98775.00;;;2.95;59.29
35694;BME280;21812;55.536;37.664;2019-12-09T00:02:28;98760.00;;;2.92;59.26
35694;BME280;21812;55.536;37.664;2019-12-09T00:05:14;98765.00;;;2.87;59.74
35694;BME280;21812;55.536;37.664;2019-12-09T00:07:51;98756.00;;;2.71;60.23
35694;BME280;21812;55.536;37.664;2019-12-09T00:10:25;98751.00;;;2.64;60.67
35694;BME280;21812;55.536;37.664;2019-12-09T00:12:55;98751.00;;;2.67;60.76
35694;BME280;21812;55.536;37.664;2019-12-09T00:15:24;98753.00;;;2.63;60.92
35694;BME280;21812;55.536;37.664;2019-12-09T00:17:54;98749.00;;;2.62;61.10
35694;BME280;21812;55.536;37.664;2019-12-09T00:20:26;98745.00;;;2.58;61.24
35694;BME280;21812;55.536;37.664;2019-12-09T00:22:56;98746.00;;;2.54;61.55
35694;BME280;21812;55.536;37.664;2019-12-09T00:25:25;98748.00;;;2.47;61.87
35694;BME280;21812;55.536;37.664;2019-12-09T00:27:57;98753.00;;;2.42;62.13
35694;BME280;21812;55.536;37.664;2019-12-09T00:30:28;98750.00;;;2.42;62.40
35694;BME280;21812;55.536;37.664;2019-12-09T00:32:57;98744.00;;;2.51;62.30
35694;BME280;21812;55.536;37.664;2019-12-09T00:35:26;98745.00;;;2.47;62.41
35694;BME280;21812;55.536;37.664;2019-12-09T00:37:55;98742.00;;;2.47;62.54
35694;BME280;21812;55.536;37.664;2019-12-09T00:40:28;98739.00;;;2.45;62.77
35694;BME280;21812;55.536;37.664;2019-12-09T00:42:59;98740.00;;;2.39;63.22
35694;BME280;21812;55.536;37.664;2019-12-09T00:45:29;98741.00;;;2.41;63.19
35694;BME280;21812;55.536;37.664;2019-12-09T00:48:00;98735.00;;;2.41;63.26
35694;BME280;21812;55.536;37.664;2019-12-09T00:50:29;98737.00;;;2.42;63.21
35694;BME280;21812;55.536;37.664;2019-12-09T00:53:01;98727.00;;;2.49;63.24
35694;BME280;21812;55.536;37.664;2019-12-09T00:55:30;98727.00;;;2.52;63.14
35694;BME280;21812;55.536;37.664;2019-12-09T00:58:01;98725.00;;;2.46;63.26
35694;BME280;21812;55.536;37.664;2019-12-09T01:00:34;98729.00;;;2.43;63.55
35694;BME280;21812;55.536;37.664;2019-12-09T01:04:35;98721.00;;;2.48;63.59
35694;BME280;21812;55.536;37.664;2019-12-09T01:07:18;98716.00;;;2.52;63.39
35694;BME280;21812;55.536;37.664;2019-12-09T01:09:50;98718.00;;;2.51;63.32
35694;BME280;21812;55.536;37.664;2019-12-09T01:12:24;98710.00;;;2.51;63.47
35694;BME280;21812;55.536;37.664;2019-12-09T01:14:58;98717.00;;;2.50;63.63
35694;BME280;21812;55.536;37.664;2019-12-09T01:17:34;98721.00;;;2.54;63.68
35694;BME280;21812;55.536;37.664;2019-12-09T01:20:07;98716.00;;;2.52;63.67
35694;BME280;21812;55.536;37.664;2019-12-09T01:22:36;98718.00;;;2.58;63.68
35694;BME280;21812;55.536;37.664;2019-12-09T01:25:05;98704.00;;;2.65;63.67
35694;BME280;21812;55.536;37.664;2019-12-09T01:27:35;98702.00;;;2.58;63.73
35694;BME280;21812;55.536;37.664;2019-12-09T01:30:05;98691.00;;;2.56;64.13
35694;BME280;21812;55.536;37.664;2019-12-09T01:32:37;98701.00;;;2.49;64.18
35694;BME280;21812;55.536;37.664;2019-12-09T01:35:07;98700.00;;;2.55;64.14
35694;BME280;21812;55.536;37.664;2019-12-09T01:37:37;98706.00;;;2.57;64.26
35694;BME280;21812;55.536;37.664;2019-12-09T01:40:06;98693.00;;;2.59;64.15
35694;BME280;21812;55.536;37.664;2019-12-09T01:42:35;98698.00;;;2.68;64.08
35694;BME280;21812;55.536;37.664;2019-12-09T01:45:04;98695.00;;;2.75;63.92
35694;BME280;21812;55.536;37.664;2019-12-09T01:47:37;98697.00;;;2.74;64.10
35694;BME280;21812;55.536;37.664;2019-12-09T01:50:09;98696.00;;;2.72;64.16
35694;BME280;21812;55.536;37.664;2019-12-09T01:52:38;98696.00;;;2.66;64.54
35694;BME280;21812;55.536;37.664;2019-12-09T01:55:07;98692.00;;;2.58;64.79
35694;BME280;21812;55.536;37.664;2019-12-09T01:57:39;98687.00;;;2.60;64.88
35694;BME280;21812;55.536;37.664;2019-12-09T02:00:10;98689.00;;;2.64;65.05
35694;BME280;21812;55.536;37.664;2019-12-09T02:02:42;98692.00;;;2.61;65.04
35694;BME280;21812;55.536;37.664;2019-12-09T02:05:13;98685.00;;;2.65;64.99
35694;BME280;21812;55.536;37.664;2019-12-09T02:07:42;98682.00;;;2.68;65.19
35694;BME280;21812;55.536;37.664;2019-12-09T02:10:14;98681.00;;;2.64;65.37
35694;BME280;21812;55.536;37.664;2019-12-09T02:12:47;98683.00;;;2.64;65.37
35694;BME280;21812;55.536;37.664;2019-12-09T02:15:19;98689.00;;;2.61;65.51
35694;BME280;21812;55.536;37.664;2019-12-09T02:17:58;98685.00;;;2.62;65.60
35694;BME280;21812;55.536;37.664;2019-12-09T02:21:07;98695.00;;;2.62;65.51
35694;BME280;21812;55.536;37.664;2019-12-09T02:23:38;98686.00;;;2.69;65.43
35694;BME280;21812;55.536;37.664;2019-12-09T02:26:13;98681.00;;;2.66;65.65
35694;BME280;21812;55.536;37.664;2019-12-09T02:28:46;98684.00;;;2.60;65.95
35694;BME280;21812;55.536;37.664;2019-12-09T02:31:15;98682.00;;;2.53;66.42
35694;BME280;21812;55.536;37.664;2019-12-09T02:33:46;98681.00;;;2.56;66.60
35694;BME280;21812;55.536;37.664;2019-12-09T02:36:17;98683.00;;;2.64;66.70
35694;BME280;21812;55.536;37.664;2019-12-09T02:41:25;98677.00;;;2.71;66.48
35694;BME280;21812;55.536;37.664;2019-12-09T02:43:56;98649.00;;;2.52;66.37
35694;BME280;21812;55.536;37.664;2019-12-09T02:46:27;98677.00;;;2.71;66.76
35694;BME280;21812;55.536;37.664;2019-12-09T02:48:58;98681.00;;;2.69;66.94
35694;BME280;21812;55.536;37.664;2019-12-09T02:51:29;98678.00;;;2.69;67.31
35694;BME280;21812;55.536;37.664;2019-12-09T02:54:01;98670.00;;;2.66;67.51
35694;BME280;21812;55.536;37.664;2019-12-09T02:56:32;98677.00;;;2.57;67.83
35694;BME280;21812;55.536;37.664;2019-12-09T02:59:01;98670.00;;;2.54;68.30
35694;BME280;21812;55.536;37.664;2019-12-09T03:01:31;98665.00;;;2.56;68.31
35694;BME280;21812;55.536;37.664;2019-12-09T03:04:00;98665.00;;;2.64;68.35
35694;BME280;21812;55.536;37.664;2019-12-09T03:06:30;98664.00;;;2.72;68.17
35694;BME280;21812;55.536;37.664;2019-12-09T03:08:59;98654.00;;;2.67;68.45
35694;BME280;21812;55.536;37.664;2019-12-09T03:11:28;98674.00;;;2.66;68.64
35694;BME280;21812;55.536;37.664;2019-12-09T03:13:57;98662.00;;;2.70;68.74
35694;BME280;21812;55.536;37.664;2019-12-09T03:16:44;98666.00;;;2.68;68.79
35694;BME280;21812;55.536;37.664;2019-12-09T03:20:51;98636.00;;;2.69;68.79
35694;BME280;21812;55.536;37.664;2019-12-09T03:23:32;98628.00;;;2.56;68.64
35694;BME280;21812;55.536;37.664;2019-12-09T03:26:02;98649.00;;;2.76;68.87
35694;BME280;21812;55.536;37.664;2019-12-09T03:29:17;98659.00;;;2.79;68.85
35694;BME280;21812;55.536;37.664;2019-12-09T03:31:49;98645.00;;;2.80;68.93
35694;BME280;21812;55.536;37.664;2019-12-09T03:34:29;98644.00;;;2.78;69.02
35694;BME280;21812;55.536;37.664;2019-12-09T03:36:59;98637.00;;;2.74;69.26
35694;BME280;21812;55.536;37.664;2019-12-09T03:39:30;98633.00;;;2.72;69.30
35694;BME280;21812;55.536;37.664;2019-12-09T03:42:02;98623.00;;;2.69;69.54
35694;BME280;21812;55.536;37.664;2019-12-09T03:44:40;98621.00;;;2.68;69.92
35694;BME280;21812;55.536;37.664;2019-12-09T03:47:19;98620.00;;;2.64;70.30
35694;BME280;21812;55.536;37.664;2019-12-09T03:50:01;98630.00;;;2.64;69.86
35694;BME280;21812;55.536;37.664;2019-12-09T03:52:43;98622.00;;;2.75;69.92
35694;BME280;21812;55.536;37.664;2019-12-09T03:55:21;98601.00;;;2.76;69.72
35694;BME280;21812;55.536;37.664;2019-12-09T03:57:53;98603.00;;;2.68;70.22
35694;BME280;21812;55.536;37.664;2019-12-09T04:00:26;98597.00;;;2.73;70.05
35694;BME280;21812;55.536;37.664;2019-12-09T04:02:58;98593.00;;;2.67;69.86
35694;BME280;21812;55.536;37.664;2019-12-09T04:05:40;98590.00;;;2.68;70.26
35694;BME280;21812;55.536;37.664;2019-12-09T04:08:14;98593.00;;;2.72;70.22
35694;BME280;21812;55.536;37.664;2019-12-09T04:10:47;98597.00;;;2.76;70.20
35694;BME280;21812;55.536;37.664;2019-12-09T04:13:18;98599.00;;;2.77;70.43
35694;BME280;21812;55.536;37.664;2019-12-09T04:15:47;98600.00;;;2.80;70.21
35694;BME280;21812;55.536;37.664;2019-12-09T04:18:17;98617.00;;;2.80;70.19
35694;BME280;21812;55.536;37.664;2019-12-09T04:20:47;98615.00;;;2.81;70.16
35694;BME280;21812;55.536;37.664;2019-12-09T04:23:20;98609.00;;;2.87;70.12
35694;BME280;21812;55.536;37.664;2019-12-09T04:25:50;98600.00;;;2.88;70.00
35694;BME280;21812;55.536;37.664;2019-12-09T04:28:20;98582.00;;;2.80;70.48
35694;BME280;21812;55.536;37.664;2019-12-09T04:30:52;98594.00;;;2.81;70.54
35694;BME280;21812;55.536;37.664;2019-12-09T04:33:49;98597.00;;;2.78;70.73
35694;BME280;21812;55.536;37.664;2019-12-09T04:36:24;98583.00;;;2.81;70.87
35694;BME280;21812;55.536;37.664;2019-12-09T04:40:57;98584.00;;;2.78;70.99
35694;BME280;21812;55.536;37.664;2019-12-09T04:43:31;98589.00;;;2.87;71.02
35694;BME280;21812;55.536;37.664;2019-12-09T04:46:06;98583.00;;;2.90;70.87
35694;BME280;21812;55.536;37.664;2019-12-09T04:48:37;98567.00;;;2.80;71.06
35694;BME280;21812;55.536;37.664;2019-12-09T04:51:10;98587.00;;;2.96;70.96
35694;BME280;21812;55.536;37.664;2019-12-09T04:53:43;98584.00;;;3.07;70.72
35694;BME280;21812;55.536;37.664;2019-12-09T04:56:19;98574.00;;;3.11;70.61
35694;BME280;21812;55.536;37.664;2019-12-09T04:58:55;98559.00;;;3.18;70.43
35694;BME280;21812;55.536;37.664;2019-12-09T05:01:28;98543.00;;;3.06;70.50
35694;BME280;21812;55.536;37.664;2019-12-09T05:04:06;98563.00;;;3.21;70.40
35694;BME280;21812;55.536;37.664;2019-12-09T05:06:43;98559.00;;;3.28;70.29
35694;BME280;21812;55.536;37.664;2019-12-09T05:09:13;98537.00;;;3.27;70.30
35694;BME280;21812;55.536;37.664;2019-12-09T05:11:46;98546.00;;;3.20;70.53
35694;BME280;21812;55.536;37.664;2019-12-09T05:14:17;98548.00;;;3.18;70.77
35694;BME280;21812;55.536;37.664;2019-12-09T05:16:47;98554.00;;;3.13;71.01
35694;BME280;21812;55.536;37.664;2019-12-09T05:19:18;98553.00;;;3.16;71.04
35694;BME280;21812;55.536;37.664;2019-12-09T05:21:49;98544.00;;;3.16;70.88
35694;BME280;21812;55.536;37.664;2019-12-09T05:24:23;98554.00;;;3.19;70.95
35694;BME280;21812;55.536;37.664;2019-12-09T05:26:59;98543.00;;;3.18;71.03
35694;BME280;21812;55.536;37.664;2019-12-09T05:29:39;98548.00;;;3.18;70.90
35694;BME280;21812;55.536;37.664;2019-12-09T05:32:17;98543.00;;;3.15;71.11
35694;BME280;21812;55.536;37.664;2019-12-09T05:34:46;98525.00;;;3.03;71.42
35694;BME280;21812;55.536;37.664;2019-12-09T05:37:17;98533.00;;;3.20;71.17
35694;BME280;21812;55.536;37.664;2019-12-09T05:39:54;98539.00;;;3.19;71.13
35694;BME280;21812;55.536;37.664;2019-12-09T05:42:38;98541.00;;;3.17;71.31
35694;BME280;21812;55.536;37.664;2019-12-09T05:45:15;98550.00;;;3.22;71.22
35694;BME280;21812;55.536;37.664;2019-12-09T05:47:46;98529.00;;;3.26;71.14
35694;BME280;21812;55.536;37.664;2019-12-09T05:50:16;98512.00;;;3.05;71.27
35694;BME280;21812;55.536;37.664;2019-12-09T05:52:46;98549.00;;;3.27;71.19
35694;BME280;21812;55.536;37.664;2019-12-09T05:55:16;98549.00;;;3.25;71.42
35694;BME280;21812;55.536;37.664;2019-12-09T05:57:49;98542.00;;;3.24;71.35
35694;BME280;21812;55.536;37.664;2019-12-09T06:00:26;98543.00;;;3.21;71.48
35694;BME280;21812;55.536;37.664;2019-12-09T06:03:03;98539.00;;;3.24;71.50
35694;BME280;21812;55.536;37.664;2019-12-09T06:05:38;98551.00;;;3.30;71.45
35694;BME280;21812;55.536;37.664;2019-12-09T06:08:09;98541.00;;;3.37;71.24
35694;BME280;21812;55.536;37.664;2019-12-09T06:10:50;98559.00;;;3.35;71.20
35694;BME280;21812;55.536;37.664;2019-12-09T06:13:33;98557.00;;;3.32;71.19
35694;BME280;21812;55.536;37.664;2019-12-09T06:16:18;98567.00;;;3.30;71.43
35694;BME280;21812;55.536;37.664;2019-12-09T06:18:47;98556.00;;;3.33;71.31
35694;BME280;21812;55.536;37.664;2019-12-09T06:21:21;98555.00;;;3.33;71.31
35694;BME280;21812;55.536;37.664;2019-12-09T06:23:54;98564.00;;;3.38;70.72
35694;BME280;21812;55.536;37.664;2019-12-09T06:26:25;98567.00;;;3.28;71.41
35694;BME280;21812;55.536;37.664;2019-12-09T06:28:57;98562.00;;;3.33;71.23
35694;BME280;21812;55.536;37.664;2019-12-09T06:31:31;98559.00;;;3.40;71.21
35694;BME280;21812;55.536;37.664;2019-12-09T06:34:01;98563.00;;;3.48;71.00
35694;BME280;21812;55.536;37.664;2019-12-09T06:36:34;98559.00;;;3.48;70.78
35694;BME280;21812;55.536;37.664;2019-12-09T06:39:04;98572.00;;;3.55;70.71
35694;BME280;21812;55.536;37.664;2019-12-09T06:41:39;98571.00;;;3.50;70.78
35694;BME280;21812;55.536;37.664;2019-12-09T06:44:14;98561.00;;;3.50;70.83
35694;BME280;21812;55.536;37.664;2019-12-09T06:46:50;98568.00;;;3.48;70.90
35694;BME280;21812;55.536;37.664;2019-12-09T06:49:46;98547.00;;;3.47;70.78
35694;BME280;21812;55.536;37.664;2019-12-09T06:52:23;98572.00;;;3.58;70.61
35694;BME280;21812;55.536;37.664;2019-12-09T06:55:00;98566.00;;;3.57;70.62
35694;BME280;21812;55.536;37.664;2019-12-09T06:57:39;98560.00;;;3.63;70.53
35694;BME280;21812;55.536;37.664;2019-12-09T07:00:12;98573.00;;;3.66;70.27
35694;BME280;21812;55.536;37.664;2019-12-09T07:02:48;98545.00;;;3.56;70.19
35694;BME280;21812;55.536;37.664;2019-12-09T07:05:31;98571.00;;;3.70;70.11
35694;BME280;21812;55.536;37.664;2019-12-09T07:08:03;98559.00;;;3.67;70.18
35694;BME280;21812;55.536;37.664;2019-12-09T07:10:35;98566.00;;;3.67;70.22
35694;BME280;21812;55.536;37.664;2019-12-09T07:13:05;98566.00;;;3.69;70.04
35694;BME280;21812;55.536;37.664;2019-12-09T07:15:39;98569.00;;;3.65;70.14
35694;BME280;21812;55.536;37.664;2019-12-09T07:18:08;98569.00;;;3.64;70.27
35694;BME280;21812;55.536;37.664;2019-12-09T07:20:38;98561.00;;;3.61;70.40
35694;BME280;21812;55.536;37.664;2019-12-09T07:23:13;98575.00;;;3.61;70.48
35694;BME280;21812;55.536;37.664;2019-12-09T07:25:45;98568.00;;;3.57;70.45
35694;BME280;21812;55.536;37.664;2019-12-09T07:28:14;98570.00;;;3.58;70.47
35694;BME280;21812;55.536;37.664;2019-12-09T07:30:57;98558.00;;;3.60;70.48
35694;BME280;21812;55.536;37.664;2019-12-09T07:33:50;98563.00;;;3.64;70.38
35694;BME280;21812;55.536;37.664;2019-12-09T07:36:27;98534.00;;;3.47;70.31
35694;BME280;21812;55.536;37.664;2019-12-09T07:39:00;98552.00;;;3.71;70.02
35694;BME280;21812;55.536;37.664;2019-12-09T07:41:34;98554.00;;;3.72;69.84
35694;BME280;21812;55.536;37.664;2019-12-09T07:44:03;98557.00;;;3.78;69.77
35694;BME280;21812;55.536;37.664;2019-12-09T07:46:33;98568.00;;;3.68;69.75
35694;BME280;21812;55.536;37.664;2019-12-09T07:49:18;98565.00;;;3.65;70.00
35694;BME280;21812;55.536;37.664;2019-12-09T07:51:48;98573.00;;;3.69;69.95
35694;BME280;21812;55.536;37.664;2019-12-09T07:54:18;98574.00;;;3.74;69.86
35694;BME280;21812;55.536;37.664;2019-12-09T07:56:49;98569.00;;;3.70;69.96
35694;BME280;21812;55.536;37.664;2019-12-09T07:59:24;98565.00;;;3.75;69.87
35694;BME280;21812;55.536;37.664;2019-12-09T08:01:57;98563.00;;;3.80;69.75
35694;BME280;21812;55.536;37.664;2019-12-09T08:08:00;98567.00;;;3.81;69.65
35694;BME280;21812;55.536;37.664;2019-12-09T08:10:31;98564.00;;;3.77;69.58
35694;BME280;21812;55.536;37.664;2019-12-09T08:13:04;98558.00;;;3.77;69.62
35694;BME280;21812;55.536;37.664;2019-12-09T08:15:38;98554.00;;;3.75;69.76
35694;BME280;21812;55.536;37.664;2019-12-09T08:18:12;98564.00;;;3.77;69.77
35694;BME280;21812;55.536;37.664;2019-12-09T08:20:43;98553.00;;;3.77;69.94
35694;BME280;21812;55.536;37.664;2019-12-09T08:23:14;98551.00;;;3.76;69.82
35694;BME280;21812;55.536;37.664;2019-12-09T08:25:44;98544.00;;;3.73;69.93
35694;BME280;21812;55.536;37.664;2019-12-09T08:28:13;98551.00;;;3.72;69.84
35694;BME280;21812;55.536;37.664;2019-12-09T08:30:45;98548.00;;;3.74;69.71
35694;BME280;21812;55.536;37.664;2019-12-09T08:33:19;98550.00;;;3.75;69.65
35694;BME280;21812;55.536;37.664;2019-12-09T08:36:02;98550.00;;;3.80;69.51
35694;BME280;21812;55.536;37.664;2019-12-09T08:38:32;98537.00;;;3.77;69.28
35694;BME280;21812;55.536;37.664;2019-12-09T08:41:02;98554.00;;;3.84;69.36
35694;BME280;21812;55.536;37.664;2019-12-09T08:43:36;98548.00;;;3.85;69.24
35694;BME280;21812;55.536;37.664;2019-12-09T08:46:13;98544.00;;;3.84;69.25
35694;BME280;21812;55.536;37.664;2019-12-09T08:48:42;98552.00;;;3.91;69.03
35694;BME280;21812;55.536;37.664;2019-12-09T08:51:11;98532.00;;;3.77;69.06
35694;BME280;21812;55.536;37.664;2019-12-09T08:53:41;98542.00;;;3.94;68.95
35694;BME280;21812;55.536;37.664;2019-12-09T08:56:10;98547.00;;;3.95;68.89
35694;BME280;21812;55.536;37.664;2019-12-09T08:58:40;98553.00;;;3.97;68.83
35694;BME280;21812;55.536;37.664;2019-12-09T09:01:10;98550.00;;;3.97;68.67
35694;BME280;21812;55.536;37.664;2019-12-09T09:03:43;98560.00;;;4.08;68.49
35694;BME280;21812;55.536;37.664;2019-12-09T09:06:13;98549.00;;;4.17;68.14
35694;BME280;21812;55.536;37.664;2019-12-09T09:08:45;98549.00;;;4.11;68.06
35694;BME280;21812;55.536;37.664;2019-12-09T09:11:16;98545.00;;;3.99;68.49
35694;BME280;21812;55.536;37.664;2019-12-09T09:13:49;98537.00;;;3.94;68.62
35694;BME280;21812;55.536;37.664;2019-12-09T09:16:20;98543.00;;;4.02;68.48
35694;BME280;21812;55.536;37.664;2019-12-09T09:18:49;98549.00;;;4.11;68.26
35694;BME280;21812;55.536;37.664;2019-12-09T09:21:24;98532.00;;;4.15;68.00
35694;BME280;21812;55.536;37.664;2019-12-09T09:23:59;98544.00;;;4.18;68.14
35694;BME280;21812;55.536;37.664;2019-12-09T09:26:32;98544.00;;;4.23;67.87
35694;BME280;21812;55.536;37.664;2019-12-09T09:29:03;98544.00;;;4.33;67.74
35694;BME280;21812;55.536;37.664;2019-12-09T09:31:33;98541.00;;;4.39;67.23
35694;BME280;21812;55.536;37.664;2019-12-09T09:34:05;98547.00;;;4.42;67.12
35694;BME280;21812;55.536;37.664;2019-12-09T09:36:41;98552.00;;;4.42;67.11
35694;BME280;21812;55.536;37.664;2019-12-09T09:39:12;98538.00;;;4.40;67.04
35694;BME280;21812;55.536;37.664;2019-12-09T09:41:50;98528.00;;;4.37;67.13
35694;BME280;21812;55.536;37.664;2019-12-09T09:44:22;98520.00;;;4.39;66.98
35694;BME280;21812;55.536;37.664;2019-12-09T09:47:01;98526.00;;;4.43;66.94
35694;BME280;21812;55.536;37.664;2019-12-09T09:49:31;98531.00;;;4.44;66.91
35694;BME280;21812;55.536;37.664;2019-12-09T09:52:00;98523.00;;;4.44;66.81
35694;BME280;21812;55.536;37.664;2019-12-09T09:54:28;98512.00;;;4.50;66.64
35694;BME280;21812;55.536;37.664;2019-12-09T09:56:58;98514.00;;;4.54;66.57
35694;BME280;21812;55.536;37.664;2019-12-09T09:59:27;98500.00;;;4.56;66.34
35694;BME280;21812;55.536;37.664;2019-12-09T10:01:58;98508.00;;;4.55;66.35
35694;BME280;21812;55.536;37.664;2019-12-09T10:04:30;98492.00;;;4.53;66.31
35694;BME280;21812;55.536;37.664;2019-12-09T10:07:03;98503.00;;;4.53;66.36
35694;BME280;21812;55.536;37.664;2019-12-09T10:09:37;98502.00;;;4.51;66.32
35694;BME280;21812;55.536;37.664;2019-12-09T10:12:11;98500.00;;;4.51;66.43
35694;BME280;21812;55.536;37.664;2019-12-09T10:14:43;98496.00;;;4.50;66.30
35694;BME280;21812;55.536;37.664;2019-12-09T10:17:16;98491.00;;;4.56;66.36
35694;BME280;21812;55.536;37.664;2019-12-09T10:19:46;98496.00;;;4.57;66.21
35694;BME280;21812;55.536;37.664;2019-12-09T10:22:15;98514.00;;;4.50;66.31
35694;BME280;21812;55.536;37.664;2019-12-09T10:24:44;98510.00;;;4.49;66.36
35694;BME280;21812;55.536;37.664;2019-12-09T10:27:29;98535.00;;;4.55;66.29
35694;BME280;21812;55.536;37.664;2019-12-09T10:29:59;98511.00;;;4.50;66.30
35694;BME280;21812;55.536;37.664;2019-12-09T10:32:34;98508.00;;;4.52;66.42
35694;BME280;21812;55.536;37.664;2019-12-09T10:35:06;98530.00;;;4.52;66.42
35694;BME280;21812;55.536;37.664;2019-12-09T10:37:36;98511.00;;;4.56;66.32
35694;BME280;21812;55.536;37.664;2019-12-09T10:40:05;98526.00;;;4.64;66.15
35694;BME280;21812;55.536;37.664;2019-12-09T10:42:37;98531.00;;;4.69;65.92
35694;BME280;21812;55.536;37.664;2019-12-09T10:45:06;98529.00;;;4.69;65.84
35694;BME280;21812;55.536;37.664;2019-12-09T10:47:37;98535.00;;;4.69;65.93
35694;BME280;21812;55.536;37.664;2019-12-09T10:50:09;98526.00;;;4.73;65.85
35694;BME280;21812;55.536;37.664;2019-12-09T10:52:42;98539.00;;;4.70;65.78
35694;BME280;21812;55.536;37.664;2019-12-09T10:55:13;98541.00;;;4.70;65.79
35694;BME280;21812;55.536;37.664;2019-12-09T10:57:57;98535.00;;;4.70;65.72
35694;BME280;21812;55.536;37.664;2019-12-09T11:00:28;98539.00;;;4.70;65.81
35694;BME280;21812;55.536;37.664;2019-12-09T11:02:58;98542.00;;;4.76;65.59
35694;BME280;21812;55.536;37.664;2019-12-09T11:05:29;98551.00;;;4.77;65.48
35694;BME280;21812;55.536;37.664;2019-12-09T11:08:02;98548.00;;;4.69;65.74
35694;BME280;21812;55.536;37.664;2019-12-09T11:10:32;98545.00;;;4.63;66.01
35694;BME280;21812;55.536;37.664;2019-12-09T11:13:07;98530.00;;;4.65;65.93
35694;BME280;21812;55.536;37.664;2019-12-09T11:15:41;98535.00;;;4.62;65.97
35694;BME280;21812;55.536;37.664;2019-12-09T11:18:10;98522.00;;;4.63;66.02
35694;BME280;21812;55.536;37.664;2019-12-09T11:20:39;98535.00;;;4.62;66.09
35694;BME280;21812;55.536;37.664;2019-12-09T11:23:11;98526.00;;;4.59;66.18
35694;BME280;21812;55.536;37.664;2019-12-09T11:25:40;98523.00;;;4.64;66.11
35694;BME280;21812;55.536;37.664;2019-12-09T11:28:13;98529.00;;;4.67;65.97
35694;BME280;21812;55.536;37.664;2019-12-09T11:30:49;98525.00;;;4.72;65.81
35694;BME280;21812;55.536;37.664;2019-12-09T11:33:31;98533.00;;;4.72;65.79
35694;BME280;21812;55.536;37.664;2019-12-09T11:36:00;98533.00;;;4.72;65.78
35694;BME280;21812;55.536;37.664;2019-12-09T11:38:29;98532.00;;;4.69;65.95
35694;BME280;21812;55.536;37.664;2019-12-09T11:41:18;98502.00;;;4.50;65.98
35694;BME280;21812;55.536;37.664;2019-12-09T11:43:47;98532.00;;;4.69;65.95
35694;BME280;21812;55.536;37.664;2019-12-09T11:46:17;98535.00;;;4.72;65.93
35694;BME280;21812;55.536;37.664;2019-12-09T11:48:46;98534.00;;;4.69;66.04
35694;BME280;21812;55.536;37.664;2019-12-09T11:51:20;98527.00;;;4.69;66.04
35694;BME280;21812;55.536;37.664;2019-12-09T11:53:51;98534.00;;;4.67;66.18
35694;BME280;21812;55.536;37.664;2019-12-09T11:56:25;98543.00;;;4.66;66.26
35694;BME280;21812;55.536;37.664;2019-12-09T11:59:02;98547.00;;;4.62;66.41
35694;BME280;21812;55.536;37.664;2019-12-09T12:01:41;98546.00;;;4.62;66.47
35694;BME280;21812;55.536;37.664;2019-12-09T12:04:12;98549.00;;;4.63;66.41
35694;BME280;21812;55.536;37.664;2019-12-09T12:06:43;98559.00;;;4.70;66.29
35694;BME280;21812;55.536;37.664;2019-12-09T12:09:23;98572.00;;;4.75;66.17
35694;BME280;21812;55.536;37.664;2019-12-09T12:11:52;98558.00;;;4.69;66.32
35694;BME280;21812;55.536;37.664;2019-12-09T12:14:21;98562.00;;;4.72;66.39
35694;BME280;21812;55.536;37.664;2019-12-09T12:16:54;98563.00;;;4.69;66.46
35694;BME280;21812;55.536;37.664;2019-12-09T12:19:23;98559.00;;;4.68;66.45
35694;BME280;21812;55.536;37.664;2019-12-09T12:21:53;98567.00;;;4.72;66.43
35694;BME280;21812;55.536;37.664;2019-12-09T12:24:26;98578.00;;;4.72;66.60
35694;BME280;21812;55.536;37.664;2019-12-09T12:26:56;98599.00;;;4.72;66.67
35694;BME280;21812;55.536;37.664;2019-12-09T12:29:25;98590.00;;;4.71;66.84
35694;BME280;21812;55.536;37.664;2019-12-09T12:31:55;98605.00;;;4.72;66.92
35694;BME280;21812;55.536;37.664;2019-12-09T12:34:24;98594.00;;;4.68;67.15
35694;BME280;21812;55.536;37.664;2019-12-09T12:36:53;98593.00;;;4.75;67.24
35694;BME280;21812;55.536;37.664;2019-12-09T12:39:29;98588.00;;;4.75;67.36
35694;BME280;21812;55.536;37.664;2019-12-09T12:42:00;98599.00;;;4.72;67.88
35694;BME280;21812;55.536;37.664;2019-12-09T12:44:29;98604.00;;;4.68;68.41
35694;BME280;21812;55.536;37.664;2019-12-09T12:46:59;98611.00;;;4.64;69.01
35694;BME280;21812;55.536;37.664;2019-12-09T12:49:32;98629.00;;;4.62;69.42
35694;BME280;21812;55.536;37.664;2019-12-09T12:52:08;98615.00;;;4.55;69.83
35694;BME280;21812;55.536;37.664;2019-12-09T12:54:37;98629.00;;;4.57;70.21
35694;BME280;21812;55.536;37.664;2019-12-09T12:57:11;98630.00;;;4.55;70.81
35694;BME280;21812;55.536;37.664;2019-12-09T12:59:40;98634.00;;;4.57;70.89
35694;BME280;21812;55.536;37.664;2019-12-09T13:02:09;98637.00;;;4.56;71.12
35694;BME280;21812;55.536;37.664;2019-12-09T13:04:40;98634.00;;;4.47;71.61
35694;BME280;21812;55.536;37.664;2019-12-09T13:07:09;98631.00;;;4.49;72.03
35694;BME280;21812;55.536;37.664;2019-12-09T13:09:40;98636.00;;;4.55;72.12
35694;BME280;21812;55.536;37.664;2019-12-09T13:12:11;98626.00;;;4.49;72.18
35694;BME280;21812;55.536;37.664;2019-12-09T13:14:40;98623.00;;;4.56;72.24
35694;BME280;21812;55.536;37.664;2019-12-09T13:17:21;98626.00;;;4.52;72.36
35694;BME280;21812;55.536;37.664;2019-12-09T13:19:54;98637.00;;;4.51;72.59
35694;BME280;21812;55.536;37.664;2019-12-09T13:22:28;98637.00;;;4.49;72.67
35694;BME280;21812;55.536;37.664;2019-12-09T13:24:58;98629.00;;;4.53;72.53
35694;BME280;21812;55.536;37.664;2019-12-09T13:27:30;98640.00;;;4.44;72.83
35694;BME280;21812;55.536;37.664;2019-12-09T13:29:59;98627.00;;;4.40;72.94
35694;BME280;21812;55.536;37.664;2019-12-09T13:32:35;98636.00;;;4.42;73.31
35694;BME280;21812;55.536;37.664;2019-12-09T13:35:07;98637.00;;;4.46;73.12
35694;BME280;21812;55.536;37.664;2019-12-09T13:37:42;98631.00;;;4.50;72.94
35694;BME280;21812;55.536;37.664;2019-12-09T13:40:12;98633.00;;;4.45;73.00
35694;BME280;21812;55.536;37.664;2019-12-09T13:42:43;98645.00;;;4.44;72.96
35694;BME280;21812;55.536;37.664;2019-12-09T13:45:13;98644.00;;;4.40;72.79
35694;BME280;21812;55.536;37.664;2019-12-09T13:47:48;98643.00;;;4.43;72.88
35694;BME280;21812;55.536;37.664;2019-12-09T13:50:20;98637.00;;;4.43;72.65
35694;BME280;21812;55.536;37.664;2019-12-09T13:52:55;98637.00;;;4.43;72.55
35694;BME280;21812;55.536;37.664;2019-12-09T13:55:34;98627.00;;;4.43;72.56
35694;BME280;21812;55.536;37.664;2019-12-09T13:58:07;98617.00;;;4.34;72.40
35694;BME280;21812;55.536;37.664;2019-12-09T14:00:37;98643.00;;;4.43;72.41
35694;BME280;21812;55.536;37.664;2019-12-09T14:03:11;98648.00;;;4.45;72.33
35694;BME280;21812;55.536;37.664;2019-12-09T14:05:40;98649.00;;;4.44;72.21
35694;BME280;21812;55.536;37.664;2019-12-09T14:08:14;98648.00;;;4.46;72.05
35694;BME280;21812;55.536;37.664;2019-12-09T14:10:50;98653.00;;;4.51;71.83
35694;BME280;21812;55.536;37.664;2019-12-09T14:13:21;98657.00;;;4.52;71.63
35694;BME280;21812;55.536;37.664;2019-12-09T14:15:50;98669.00;;;4.48;71.53
35694;BME280;21812;55.536;37.664;2019-12-09T14:18:34;98666.00;;;4.51;71.55
35694;BME280;21812;55.536;37.664;2019-12-09T14:21:07;98659.00;;;4.50;71.60
35694;BME280;21812;55.536;37.664;2019-12-09T14:23:40;98665.00;;;4.50;71.61
35694;BME280;21812;55.536;37.664;2019-12-09T14:26:11;98670.00;;;4.50;71.44
35694;BME280;21812;55.536;37.664;2019-12-09T14:28:41;98649.00;;;4.47;71.34
35694;BME280;21812;55.536;37.664;2019-12-09T14:31:10;98653.00;;;4.51;71.19
35694;BME280;21812;55.536;37.664;2019-12-09T14:33:41;98656.00;;;4.48;71.25
35694;BME280;21812;55.536;37.664;2019-12-09T14:36:13;98657.00;;;4.50;71.19
35694;BME280;21812;55.536;37.664;2019-12-09T14:39:25;98667.00;;;4.52;71.19
35694;BME280;21812;55.536;37.664;2019-12-09T14:41:55;98678.00;;;4.52;70.97
35694;BME280;21812;55.536;37.664;2019-12-09T14:44:25;98680.00;;;4.53;71.04
35694;BME280;21812;55.536;37.664;2019-12-09T14:46:57;98683.00;;;4.48;70.86
35694;BME280;21812;55.536;37.664;2019-12-09T14:49:28;98679.00;;;4.39;71.21
35694;BME280;21812;55.536;37.664;2019-12-09T14:51:58;98687.00;;;4.39;71.29
35694;BME280;21812;55.536;37.664;2019-12-09T14:54:29;98675.00;;;4.31;71.01
35694;BME280;21812;55.536;37.664;2019-12-09T14:57:01;98683.00;;;4.52;70.75
35694;BME280;21812;55.536;37.664;2019-12-09T14:59:30;98683.00;;;4.55;70.66
35694;BME280;21812;55.536;37.664;2019-12-09T15:02:05;98672.00;;;4.53;70.62
35694;BME280;21812;55.536;37.664;2019-12-09T15:04:34;98675.00;;;4.53;70.52
35694;BME280;21812;55.536;37.664;2019-12-09T15:07:05;98681.00;;;4.48;70.58
35694;BME280;21812;55.536;37.664;2019-12-09T15:09:35;98676.00;;;4.49;70.58
35694;BME280;21812;55.536;37.664;2019-12-09T15:12:06;98696.00;;;4.50;70.59
35694;BME280;21812;55.536;37.664;2019-12-09T15:14:37;98691.00;;;4.50;70.59
35694;BME280;21812;55.536;37.664;2019-12-09T15:17:09;98696.00;;;4.49;70.55
35694;BME280;21812;55.536;37.664;2019-12-09T15:19:39;98710.00;;;4.52;70.46
35694;BME280;21812;55.536;37.664;2019-12-09T15:22:09;98699.00;;;4.58;70.31
35694;BME280;21812;55.536;37.664;2019-12-09T15:24:41;98704.00;;;4.61;70.10
35694;BME280;21812;55.536;37.664;2019-12-09T15:27:17;98697.00;;;4.63;70.13
35694;BME280;21812;55.536;37.664;2019-12-09T15:29:48;98713.00;;;4.60;70.11
35694;BME280;21812;55.536;37.664;2019-12-09T15:32:22;98698.00;;;4.58;70.18
35694;BME280;21812;55.536;37.664;2019-12-09T15:34:53;98692.00;;;4.69;70.18
35694;BME280;21812;55.536;37.664;2019-12-09T15:37:23;98689.00;;;4.63;69.82
35694;BME280;21812;55.536;37.664;2019-12-09T15:39:55;98698.00;;;4.59;69.84
35694;BME280;21812;55.536;37.664;2019-12-09T15:42:30;98715.00;;;4.72;69.71
35694;BME280;21812;55.536;37.664;2019-12-09T15:45:02;98721.00;;;4.64;69.75
35694;BME280;21812;55.536;37.664;2019-12-09T15:47:35;98735.00;;;4.63;69.89
35694;BME280;21812;55.536;37.664;2019-12-09T15:50:04;98748.00;;;4.66;69.75
35694;BME280;21812;55.536;37.664;2019-12-09T15:52:34;98735.00;;;4.70;69.65
35694;BME280;21812;55.536;37.664;2019-12-09T15:55:04;98726.00;;;4.75;69.66
35694;BME280;21812;55.536;37.664;2019-12-09T15:57:36;98722.00;;;4.73;69.63
35694;BME280;21812;55.536;37.664;2019-12-09T16:00:09;98722.00;;;4.76;69.52
35694;BME280;21812;55.536;37.664;2019-12-09T16:02:45;98734.00;;;4.80;69.38
35694;BME280;21812;55.536;37.664;2019-12-09T16:05:15;98727.00;;;4.79;69.35
35694;BME280;21812;55.536;37.664;2019-12-09T16:07:45;98738.00;;;4.83;69.23
35694;BME280;21812;55.536;37.664;2019-12-09T16:10:17;98748.00;;;4.79;69.22
35694;BME280;21812;55.536;37.664;2019-12-09T16:12:51;98752.00;;;4.75;69.43
35694;BME280;21812;55.536;37.664;2019-12-09T16:15:20;98756.00;;;4.84;69.36
35694;BME280;21812;55.536;37.664;2019-12-09T16:17:50;98756.00;;;4.84;69.26
35694;BME280;21812;55.536;37.664;2019-12-09T16:20:19;98763.00;;;4.77;69.22
35694;BME280;21812;55.536;37.664;2019-12-09T16:22:51;98753.00;;;4.72;69.54
35694;BME280;21812;55.536;37.664;2019-12-09T16:25:21;98754.00;;;4.76;69.38
35694;BME280;21812;55.536;37.664;2019-12-09T16:27:56;98757.00;;;4.75;69.29
35694;BME280;21812;55.536;37.664;2019-12-09T16:30:30;98747.00;;;4.78;69.31
35694;BME280;21812;55.536;37.664;2019-12-09T16:32:59;98747.00;;;4.83;69.08
35694;BME280;21812;55.536;37.664;2019-12-09T16:35:29;98756.00;;;4.87;69.02
35694;BME280;21812;55.536;37.664;2019-12-09T16:38:00;98754.00;;;4.89;68.95
35694;BME280;21812;55.536;37.664;2019-12-09T16:40:31;98758.00;;;4.85;69.06
35694;BME280;21812;55.536;37.664;2019-12-09T16:43:00;98754.00;;;4.86;69.09
35694;BME280;21812;55.536;37.664;2019-12-09T16:45:29;98766.00;;;4.79;69.37
35694;BME280;21812;55.536;37.664;2019-12-09T16:48:10;98762.00;;;4.69;69.50
35694;BME280;21812;55.536;37.664;2019-12-09T16:50:41;98760.00;;;4.68;69.48
35694;BME280;21812;55.536;37.664;2019-12-09T16:53:09;98734.00;;;4.45;69.73
35694;BME280;21812;55.536;37.664;2019-12-09T16:55:38;98765.00;;;4.63;69.73
35694;BME280;21812;55.536;37.664;2019-12-09T16:58:08;98768.00;;;4.63;69.81
35694;BME280;21812;55.536;37.664;2019-12-09T17:00:37;98766.00;;;4.64;69.74
35694;BME280;21812;55.536;37.664;2019-12-09T17:03:25;98767.00;;;4.61;69.87
35694;BME280;21812;55.536;37.664;2019-12-09T17:06:12;98767.00;;;4.61;69.84
35694;BME280;21812;55.536;37.664;2019-12-09T17:09:03;98769.00;;;4.70;69.74
35694;BME280;21812;55.536;37.664;2019-12-09T17:11:41;98772.00;;;5.02;71.60
35694;BME280;21812;55.536;37.664;2019-12-09T17:14:10;98771.00;;;5.58;75.20
35694;BME280;21812;55.536;37.664;2019-12-09T17:16:44;98771.00;;;6.29;72.63
35694;BME280;21812;55.536;37.664;2019-12-09T17:19:18;98766.00;;;6.77;67.54
35694;BME280;21812;55.536;37.664;2019-12-09T17:21:58;98775.00;;;7.05;64.77
35694;BME280;21812;55.536;37.664;2019-12-09T17:24:27;98769.00;;;7.17;65.98
35694;BME280;21812;55.536;37.664;2019-12-09T17:26:56;98767.00;;;7.66;66.75
35694;BME280;21812;55.536;37.664;2019-12-09T17:29:25;98769.00;;;7.43;73.43
35694;BME280;21812;55.536;37.664;2019-12-09T17:31:54;98773.00;;;7.46;68.65
35694;BME280;21812;55.536;37.664;2019-12-09T17:34:25;98775.00;;;7.34;78.03
35694;BME280;21812;55.536;37.664;2019-12-09T17:36:57;98772.00;;;6.97;71.77
35694;BME280;21812;55.536;37.664;2019-12-09T17:39:27;98770.00;;;7.37;71.30
35694;BME280;21812;55.536;37.664;2019-12-09T17:41:56;98772.00;;;7.27;65.29
35694;BME280;21812;55.536;37.664;2019-12-09T17:44:30;98783.00;;;7.56;65.36
35694;BME280;21812;55.536;37.664;2019-12-09T17:47:04;98783.00;;;7.56;64.61
35694;BME280;21812;55.536;37.664;2019-12-09T17:49:34;98791.00;;;7.49;66.65
35694;BME280;21812;55.536;37.664;2019-12-09T17:52:05;98789.00;;;7.42;63.28
35694;BME280;21812;55.536;37.664;2019-12-09T17:54:35;98783.00;;;7.22;66.27
35694;BME280;21812;55.536;37.664;2019-12-09T17:57:03;98776.00;;;7.58;74.37
35694;BME280;21812;55.536;37.664;2019-12-09T17:59:32;98790.00;;;7.60;67.69
35694;BME280;21812;55.536;37.664;2019-12-09T18:02:05;98794.00;;;7.72;65.46
35694;BME280;21812;55.536;37.664;2019-12-09T18:04:40;98788.00;;;7.65;68.55
35694;BME280;21812;55.536;37.664;2019-12-09T18:07:20;98784.00;;;7.46;64.04
35694;BME280;21812;55.536;37.664;2019-12-09T18:09:51;98795.00;;;7.73;66.64
35694;BME280;21812;55.536;37.664;2019-12-09T18:12:22;98800.00;;;8.03;67.00
35694;BME280;21812;55.536;37.664;2019-12-09T18:14:51;98803.00;;;7.85;67.36
35694;BME280;21812;55.536;37.664;2019-12-09T18:17:22;98811.00;;;7.98;70.47
35694;BME280;21812;55.536;37.664;2019-12-09T18:19:54;98815.00;;;8.42;64.15
35694;BME280;21812;55.536;37.664;2019-12-09T18:22:23;98814.00;;;8.41;64.69
35694;BME280;21812;55.536;37.664;2019-12-09T18:24:52;98818.00;;;8.07;61.66
35694;BME280;21812;55.536;37.664;2019-12-09T18:27:24;98816.00;;;7.94;61.73
35694;BME280;21812;55.536;37.664;2019-12-09T18:29:56;98824.00;;;7.81;61.76
35694;BME280;21812;55.536;37.664;2019-12-09T18:32:25;98828.00;;;7.32;64.97
35694;BME280;21812;55.536;37.664;2019-12-09T18:34:56;98836.00;;;7.49;66.92
35694;BME280;21812;55.536;37.664;2019-12-09T18:37:38;98834.00;;;7.34;66.71
35694;BME280;21812;55.536;37.664;2019-12-09T18:40:19;98838.00;;;7.42;62.96
35694;BME280;21812;55.536;37.664;2019-12-09T18:42:53;98845.00;;;7.34;62.80
35694;BME280;21812;55.536;37.664;2019-12-09T18:45:23;98827.00;;;6.94;65.17
35694;BME280;21812;55.536;37.664;2019-12-09T18:48:12;98856.00;;;6.69;64.63
35694;BME280;21812;55.536;37.664;2019-12-09T18:51:14;98863.00;;;6.59;67.98
35694;BME280;21812;55.536;37.664;2019-12-09T18:53:44;98883.00;;;6.56;64.78
35694;BME280;21812;55.536;37.664;2019-12-09T18:56:17;98880.00;;;6.31;65.12
35694;BME280;21812;55.536;37.664;2019-12-09T18:58:49;98896.00;;;6.19;66.38
35694;BME280;21812;55.536;37.664;2019-12-09T19:01:23;98890.00;;;5.94;66.00
35694;BME280;21812;55.536;37.664;2019-12-09T19:03:57;98879.00;;;5.64;66.57
35694;BME280;21812;55.536;37.664;2019-12-09T19:06:26;98884.00;;;5.37;67.30
35694;BME280;21812;55.536;37.664;2019-12-09T19:08:55;98895.00;;;5.09;68.25
35694;BME280;21812;55.536;37.664;2019-12-09T19:11:29;98894.00;;;4.97;68.75
35694;BME280;21812;55.536;37.664;2019-12-09T19:14:04;98893.00;;;4.92;69.03
35694;BME280;21812;55.536;37.664;2019-12-09T19:16:35;98884.00;;;4.91;69.11
35694;BME280;21812;55.536;37.664;2019-12-09T19:19:06;98899.00;;;4.96;69.02
35694;BME280;21812;55.536;37.664;2019-12-09T19:21:35;98885.00;;;5.02;68.88
35694;BME280;21812;55.536;37.664;2019-12-09T19:24:06;98878.00;;;5.02;68.67
35694;BME280;21812;55.536;37.664;2019-12-09T19:26:35;98878.00;;;4.94;68.76
35694;BME280;21812;55.536;37.664;2019-12-09T19:29:10;98878.00;;;4.86;69.08
35694;BME280;21812;55.536;37.664;2019-12-09T19:31:55;98874.00;;;4.85;69.18
35694;BME280;21812;55.536;37.664;2019-12-09T19:34:38;98854.00;;;4.62;69.36
35694;BME280;21812;55.536;37.664;2019-12-09T19:37:10;98868.00;;;4.75;69.29
35694;BME280;21812;55.536;37.664;2019-12-09T19:39:45;98878.00;;;4.78;69.26
35694;BME280;21812;55.536;37.664;2019-12-09T19:42:14;98882.00;;;4.68;69.44
35694;BME280;21812;55.536;37.664;2019-12-09T19:44:43;98886.00;;;4.69;69.52
35694;BME280;21812;55.536;37.664;2019-12-09T19:47:12;98881.00;;;4.78;69.35
35694;BME280;21812;55.536;37.664;2019-12-09T19:49:46;98893.00;;;4.82;69.19
35694;BME280;21812;55.536;37.664;2019-12-09T19:52:15;98900.00;;;4.85;69.15
35694;BME280;21812;55.536;37.664;2019-12-09T19:54:44;98912.00;;;4.79;69.24
35694;BME280;21812;55.536;37.664;2019-12-09T19:57:14;98914.00;;;4.74;69.18
35694;BME280;21812;55.536;37.664;2019-12-09T19:59:48;98923.00;;;4.76;69.37
35694;BME280;21812;55.536;37.664;2019-12-09T20:02:20;98925.00;;;4.67;69.51
35694;BME280;21812;55.536;37.664;2019-12-09T20:04:51;98925.00;;;4.67;69.59
35694;BME280;21812;55.536;37.664;2019-12-09T20:07:20;98903.00;;;4.50;69.54
35694;BME280;21812;55.536;37.664;2019-12-09T20:09:49;98924.00;;;4.73;69.43
35694;BME280;21812;55.536;37.664;2019-12-09T20:12:26;98935.00;;;4.74;69.31
35694;BME280;21812;55.536;37.664;2019-12-09T20:14:56;98931.00;;;4.71;69.38
35694;BME280;21812;55.536;37.664;2019-12-09T20:17:25;98940.00;;;4.66;69.50
35694;BME280;21812;55.536;37.664;2019-12-09T20:20:07;98933.00;;;4.67;69.53
35694;BME280;21812;55.536;37.664;2019-12-09T20:22:47;98938.00;;;4.68;69.53
35694;BME280;21812;55.536;37.664;2019-12-09T20:32:06;98950.00;;;4.69;69.51
35694;BME280;21812;55.536;37.664;2019-12-09T20:34:35;98958.00;;;4.63;69.45
35694;BME280;21812;55.536;37.664;2019-12-09T20:37:06;98965.00;;;4.66;69.52
35694;BME280;21812;55.536;37.664;2019-12-09T20:39:35;98958.00;;;4.61;69.69
35694;BME280;21812;55.536;37.664;2019-12-09T20:42:04;98958.00;;;4.55;69.84
35694;BME280;21812;55.536;37.664;2019-12-09T20:44:33;98947.00;;;4.55;69.90
35694;BME280;21812;55.536;37.664;2019-12-09T20:47:04;98944.00;;;4.51;69.97
35694;BME280;21812;55.536;37.664;2019-12-09T20:49:33;98961.00;;;4.50;70.11
35694;BME280;21812;55.536;37.664;2019-12-09T20:52:03;98953.00;;;4.52;70.08
35694;BME280;21812;55.536;37.664;2019-12-09T20:54:32;98968.00;;;4.59;70.03
35694;BME280;21812;55.536;37.664;2019-12-09T20:57:01;98972.00;;;4.59;69.94
35694;BME280;21812;55.536;37.664;2019-12-09T20:59:31;98972.00;;;4.57;70.06
35694;BME280;21812;55.536;37.664;2019-12-09T21:02:02;98967.00;;;4.62;69.92
35694;BME280;21812;55.536;37.664;2019-12-09T21:04:44;98967.00;;;4.62;69.84
35694;BME280;21812;55.536;37.664;2019-12-09T21:07:35;98961.00;;;4.65;69.84
35694;BME280;21812;55.536;37.664;2019-12-09T21:10:22;98965.00;;;4.66;69.73
35694;BME280;21812;55.536;37.664;2019-12-09T21:13:21;98977.00;;;4.68;69.70
35694;BME280;21812;55.536;37.664;2019-12-09T21:16:19;98983.00;;;4.70;69.66
35694;BME280;21812;55.536;37.664;2019-12-09T21:18:49;98988.00;;;4.74;69.57
35694;BME280;21812;55.536;37.664;2019-12-09T21:21:20;98985.00;;;4.72;69.64
35694;BME280;21812;55.536;37.664;2019-12-09T21:23:49;98964.00;;;4.48;69.77
35694;BME280;21812;55.536;37.664;2019-12-09T21:26:21;98991.00;;;4.62;69.93
35694;BME280;21812;55.536;37.664;2019-12-09T21:28:54;99002.00;;;4.59;70.06
35694;BME280;21812;55.536;37.664;2019-12-09T21:31:24;99007.00;;;4.62;70.02
35694;BME280;21812;55.536;37.664;2019-12-09T21:33:54;99006.00;;;4.65;70.08
35694;BME280;21812;55.536;37.664;2019-12-09T21:36:26;99010.00;;;4.67;70.11
35694;BME280;21812;55.536;37.664;2019-12-09T21:38:57;99009.00;;;4.70;70.12
35694;BME280;21812;55.536;37.664;2019-12-09T21:41:27;99022.00;;;4.65;70.28
35694;BME280;21812;55.536;37.664;2019-12-09T21:43:58;99020.00;;;4.67;70.29
35694;BME280;21812;55.536;37.664;2019-12-09T21:46:27;99027.00;;;4.66;70.40
35694;BME280;21812;55.536;37.664;2019-12-09T21:48:56;99013.00;;;4.73;70.40
35694;BME280;21812;55.536;37.664;2019-12-09T21:51:26;99025.00;;;4.77;70.23
35694;BME280;21812;55.536;37.664;2019-12-09T21:53:55;99027.00;;;4.75;70.28
35694;BME280;21812;55.536;37.664;2019-12-09T21:56:24;99013.00;;;4.59;70.34
35694;BME280;21812;55.536;37.664;2019-12-09T21:58:55;99047.00;;;4.81;70.22
35694;BME280;21812;55.536;37.664;2019-12-09T22:01:25;99050.00;;;4.76;70.23
35694;BME280;21812;55.536;37.664;2019-12-09T22:04:14;99051.00;;;4.78;70.34
35694;BME280;21812;55.536;37.664;2019-12-09T22:09:59;99055.00;;;4.77;70.39
35694;BME280;21812;55.536;37.664;2019-12-09T22:12:34;99056.00;;;4.69;70.60
35694;BME280;21812;55.536;37.664;2019-12-09T22:15:10;99061.00;;;4.64;71.03
35694;BME280;21812;55.536;37.664;2019-12-09T22:17:47;99065.00;;;4.62;71.43
35694;BME280;21812;55.536;37.664;2019-12-09T22:20:20;99061.00;;;4.60;71.76
35694;BME280;21812;55.536;37.664;2019-12-09T22:22:51;99068.00;;;4.58;72.06
35694;BME280;21812;55.536;37.664;2019-12-09T22:25:21;99063.00;;;4.62;72.39
35694;BME280;21812;55.536;37.664;2019-12-09T22:27:53;99055.00;;;4.59;72.64
35694;BME280;21812;55.536;37.664;2019-12-09T22:30:25;99057.00;;;4.59;72.81
35694;BME280;21812;55.536;37.664;2019-12-09T22:32:59;99054.00;;;4.60;72.82
35694;BME280;21812;55.536;37.664;2019-12-09T22:35:32;99064.00;;;4.61;72.93
35694;BME280;21812;55.536;37.664;2019-12-09T22:38:06;99074.00;;;4.58;73.06
35694;BME280;21812;55.536;37.664;2019-12-09T22:40:36;99062.00;;;4.52;73.24
35694;BME280;21812;55.536;37.664;2019-12-09T22:43:09;99064.00;;;4.48;73.46
35694;BME280;21812;55.536;37.664;2019-12-09T22:45:48;99068.00;;;4.49;73.51
35694;BME280;21812;55.536;37.664;2019-12-09T22:48:32;99068.00;;;4.41;73.75
35694;BME280;21812;55.536;37.664;2019-12-09T22:51:14;99062.00;;;4.47;73.56
35694;BME280;21812;55.536;37.664;2019-12-09T22:53:56;99069.00;;;4.38;73.71
35694;BME280;21812;55.536;37.664;2019-12-09T22:56:33;99076.00;;;4.33;73.94
35694;BME280;21812;55.536;37.664;2019-12-09T22:59:17;99072.00;;;4.44;73.88
35694;BME280;21812;55.536;37.664;2019-12-09T23:01:56;99075.00;;;4.55;73.48
35694;BME280;21812;55.536;37.664;2019-12-09T23:04:32;99078.00;;;4.60;73.32
35694;BME280;21812;55.536;37.664;2019-12-09T23:07:12;99078.00;;;4.64;73.08
35694;BME280;21812;55.536;37.664;2019-12-09T23:09:51;99075.00;;;4.54;73.13
35694;BME280;21812;55.536;37.664;2019-12-09T23:12:37;99070.00;;;4.47;73.38
35694;BME280;21812;55.536;37.664;2019-12-09T23:15:08;99080.00;;;4.45;73.53
35694;BME280;21812;55.536;37.664;2019-12-09T23:17:45;99079.00;;;4.53;73.22
35694;BME280;21812;55.536;37.664;2019-12-09T23:20:24;99083.00;;;4.63;72.76
35694;BME280;21812;55.536;37.664;2019-12-09T23:23:06;99087.00;;;4.76;72.40
35694;BME280;21812;55.536;37.664;2019-12-09T23:25:48;99093.00;;;4.76;72.07
35694;BME280;21812;55.536;37.664;2019-12-09T23:28:22;99104.00;;;4.63;72.58
35694;BME280;21812;55.536;37.664;2019-12-09T23:30:56;99101.00;;;4.53;72.84
35694;BME280;21812;55.536;37.664;2019-12-09T23:33:33;99100.00;;;4.54;73.08
35694;BME280;21812;55.536;37.664;2019-12-09T23:36:13;99092.00;;;4.59;73.01
35694;BME280;21812;55.536;37.664;2019-12-09T23:38:51;99105.00;;;4.64;72.70
35694;BME280;21812;55.536;37.664;2019-12-09T23:41:23;99118.00;;;4.69;72.67
35694;BME280;21812;55.536;37.664;2019-12-09T23:43:57;99127.00;;;4.64;72.74
35694;BME280;21812;55.536;37.664;2019-12-09T23:46:30;99132.00;;;4.64;72.61
35694;BME280;21812;55.536;37.664;2019-12-09T23:49:04;99124.00;;;4.69;72.45
35694;BME280;21812;55.536;37.664;2019-12-09T23:51:41;99128.00;;;4.80;72.35
35694;BME280;21812;55.536;37.664;2019-12-09T23:54:19;99126.00;;;4.66;72.27
35694;BME280;21812;55.536;37.664;2019-12-09T23:56:57;99124.00;;;4.59;72.36
35694;BME280;21812;55.536;37.664;2019-12-09T23:59:34;99134.00;;;4.59;72.43
